t 	 x 	 z
0	1.00865	0.451671
0.01	1.01317	0.290286
0.02	1.01607	0.128179
0.03	1.01736	-0.0343934
0.04	1.01701	-0.19717
0.05	1.01504	-0.359892
0.06	1.01144	-0.522299
0.07	1.00622	-0.684129
0.08	0.999377	-0.845124
0.09	0.990926	-1.00502
0.1	0.980876	-1.16357
0.11	0.96924	-1.32051
0.12	0.956035	-1.47559
0.13	0.941279	-1.62856
0.14	0.924993	-1.77916
0.15	0.907202	-1.92716
0.16	0.88793	-2.07231
0.17	0.867207	-2.21438
0.18	0.845063	-2.35313
0.19	0.821532	-2.48834
0.2	0.796648	-2.61979
0.21	0.77045	-2.74725
0.22	0.742978	-2.87053
0.23	0.714273	-2.9894
0.24	0.684379	-3.10369
0.25	0.653342	-3.21319
0.26	0.62121	-3.31772
0.27	0.588033	-3.41711
0.28	0.553862	-3.5112
0.29	0.51875	-3.59982
0.3	0.482751	-3.68282
0.31	0.445923	-3.76006
0.32	0.408323	-3.83141
0.33	0.370009	-3.89674
0.34	0.331041	-3.95594
0.35	0.291482	-4.00891
0.36	0.251393	-4.05554
0.37	0.210837	-4.09577
0.38	0.16988	-4.1295
0.39	0.128585	-4.15668
0.4	0.0870179	-4.17725
0.41	0.0452454	-4.19118
0.42	0.00333364	-4.19842
0.43	-0.0386505	-4.19895
0.44	-0.08064	-4.19276
0.45	-0.122568	-4.17986
0.46	-0.164366	-4.16025
0.47	-0.205969	-4.13395
0.48	-0.247308	-4.101
0.49	-0.288318	-4.06143
0.5	-0.328933	-4.0153
0.51	-0.369086	-3.96267
0.52	-0.408712	-3.90361
0.53	-0.447748	-3.83822
0.54	-0.486131	-3.76658
0.55	-0.523796	-3.6888
0.56	-0.560684	-3.60499
0.57	-0.596734	-3.51528
0.58	-0.631887	-3.41981
0.59	-0.666085	-3.3187
0.6	-0.699272	-3.21213
0.61	-0.731394	-3.10025
0.62	-0.762396	-2.98322
0.63	-0.792228	-2.86124
0.64	-0.820841	-2.73448
0.65	-0.848186	-2.60315
0.66	-0.874217	-2.46744
0.67	-0.898891	-2.32756
0.68	-0.922167	-2.18374
0.69	-0.944004	-2.0362
0.7	-0.964366	-1.88515
0.71	-0.983218	-1.73086
0.72	-1.00053	-1.57354
0.73	-1.01626	-1.41346
0.74	-1.0304	-1.25086
0.75	-1.04291	-1.08599
0.76	-1.05376	-0.919127
0.77	-1.06296	-0.750524
0.78	-1.07046	-0.580451
0.79	-1.07627	-0.409178
0.8	-1.08036	-0.236975
0.81	-1.08273	-0.0641178
0.82	-1.08337	0.109119
0.83	-1.08228	0.282458
0.84	-1.07945	0.455622
0.85	-1.0749	0.628334
0.86	-1.06861	0.800318
0.87	-1.06061	0.971296
0.88	-1.0509	1.14099
0.89	-1.03949	1.30914
0.9	-1.0264	1.47546
0.91	-1.01164	1.63968
0.92	-0.995245	1.80154
0.93	-0.977229	1.96078
0.94	-0.957621	2.11714
0.95	-0.93645	2.27036
0.96	-0.913746	2.42019
0.97	-0.889545	2.56639
0.98	-0.863881	2.70872
0.99	-0.836794	2.84694
1	-0.808324	2.98082
1.01	-0.778516	3.11015
1.02	-0.747414	3.23472
1.03	-0.715067	3.3543
1.04	-0.681524	3.46871
1.05	-0.646837	3.57776
1.06	-0.611059	3.68125
1.07	-0.574247	3.77902
1.08	-0.536457	3.8709
1.09	-0.497748	3.95673
1.1	-0.45818	4.03637
1.11	-0.417817	4.10968
1.12	-0.37672	4.17653
1.13	-0.334954	4.23681
1.14	-0.292586	4.2904
1.15	-0.249682	4.33722
1.16	-0.20631	4.37716
1.17	-0.162539	4.41017
1.18	-0.118437	4.43618
1.19	-0.074075	4.45513
1.2	-0.0295237	4.46698
1.21	0.0151461	4.47171
1.22	0.0598632	4.46928
1.23	0.104556	4.4597
1.24	0.149153	4.44298
1.25	0.193583	4.41911
1.26	0.237774	4.38814
1.27	0.281655	4.35009
1.28	0.325156	4.30503
1.29	0.368206	4.253
1.3	0.410737	4.19409
1.31	0.452677	4.12837
1.32	0.493961	4.05594
1.33	0.534521	3.97691
1.34	0.57429	3.89139
1.35	0.613204	3.7995
1.36	0.651199	3.70139
1.37	0.688212	3.5972
1.38	0.724184	3.48708
1.39	0.759055	3.37121
1.4	0.792767	3.24976
1.41	0.825265	3.12292
1.42	0.856494	2.99088
1.43	0.886403	2.85384
1.44	0.914941	2.71202
1.45	0.942062	2.56563
1.46	0.967718	2.4149
1.47	0.991867	2.26006
1.48	1.01447	2.10136
1.49	1.03548	1.93905
1.5	1.05487	1.77337
1.51	1.07261	1.60459
1.52	1.08865	1.43297
1.53	1.10298	1.25879
1.54	1.11557	1.08231
1.55	1.12639	0.903822
1.56	1.13543	0.723599
1.57	1.14267	0.54193
1.58	1.14809	0.359103
1.59	1.15168	0.17541
1.6	1.15343	-0.00885846
1.61	1.15334	-0.193407
1.62	1.15141	-0.377942
1.63	1.14763	-0.562167
1.64	1.14201	-0.745788
1.65	1.13455	-0.928509
1.66	1.12526	-1.11004
1.67	1.11416	-1.29008
1.68	1.10126	-1.46835
1.69	1.08658	-1.64455
1.7	1.07013	-1.8184
1.71	1.05195	-1.98962
1.72	1.03205	-2.15793
1.73	1.01047	-2.32306
1.74	0.987244	-2.48474
1.75	0.962396	-2.6427
1.76	0.935969	-2.79668
1.77	0.908002	-2.94644
1.78	0.878538	-3.09172
1.79	0.847621	-3.23228
1.8	0.815298	-3.3679
1.81	0.781619	-3.49835
1.82	0.746636	-3.62341
1.83	0.710402	-3.74287
1.84	0.672973	-3.85653
1.85	0.634408	-3.96421
1.86	0.594765	-4.06571
1.87	0.554108	-4.16088
1.88	0.5125	-4.24953
1.89	0.470004	-4.33153
1.9	0.426689	-4.40673
1.91	0.382621	-4.47501
1.92	0.337871	-4.53622
1.93	0.292509	-4.59028
1.94	0.246606	-4.63709
1.95	0.200235	-4.67654
1.96	0.15347	-4.70858
1.97	0.106384	-4.73314
1.98	0.0590529	-4.75016
1.99	0.0115513	-4.75961
2	-0.0360447	-4.76145
2.01	-0.0836592	-4.75569
2.02	-0.131216	-4.7423
2.03	-0.178639	-4.72131
2.04	-0.225852	-4.69272
2.05	-0.272779	-4.65659
2.06	-0.319345	-4.61294
2.07	-0.365475	-4.56185
2.08	-0.411093	-4.50337
2.09	-0.456127	-4.4376
2.1	-0.500503	-4.36462
2.11	-0.544149	-4.28454
2.12	-0.586994	-4.19747
2.13	-0.628969	-4.10355
2.14	-0.670005	-4.00292
2.15	-0.710034	-3.89572
2.16	-0.748991	-3.78211
2.17	-0.786812	-3.66227
2.18	-0.823435	-3.53638
2.19	-0.858799	-3.40463
2.2	-0.892845	-3.26723
2.21	-0.925517	-3.12437
2.22	-0.956761	-2.97629
2.23	-0.986524	-2.82321
2.24	-1.01476	-2.66536
2.25	-1.04141	-2.503
2.26	-1.06644	-2.33638
2.27	-1.0898	-2.16575
2.28	-1.11146	-1.99138
2.29	-1.13137	-1.81354
2.3	-1.14951	-1.63252
2.31	-1.16584	-1.4486
2.32	-1.18032	-1.26207
2.33	-1.19294	-1.07322
2.34	-1.20367	-0.882346
2.35	-1.2125	-0.689758
2.36	-1.2194	-0.495759
2.37	-1.22435	-0.300655
2.38	-1.22736	-0.104759
2.39	-1.22841	0.0916186
2.4	-1.22749	0.288164
2.41	-1.22461	0.484562
2.42	-1.21976	0.6805
2.43	-1.21296	0.875662
2.44	-1.2042	1.06974
2.45	-1.1935	1.26241
2.46	-1.18088	1.45337
2.47	-1.16635	1.64231
2.48	-1.14992	1.82892
2.49	-1.13163	2.01291
2.5	-1.11151	2.19397
2.51	-1.08957	2.37181
2.52	-1.06585	2.54615
2.53	-1.04039	2.71668
2.54	-1.01322	2.88314
2.55	-0.984388	3.04526
2.56	-0.953935	3.20276
2.57	-0.921908	3.35539
2.58	-0.888354	3.50289
2.59	-0.853325	3.64503
2.6	-0.816874	3.78156
2.61	-0.779059	3.91226
2.62	-0.739936	4.03691
2.63	-0.699567	4.1553
2.64	-0.658014	4.26723
2.65	-0.615342	4.37251
2.66	-0.571617	4.47097
2.67	-0.526907	4.56243
2.68	-0.481283	4.64673
2.69	-0.434815	4.72374
2.7	-0.387578	4.79331
2.71	-0.339645	4.85532
2.72	-0.291092	4.90966
2.73	-0.241995	4.95624
2.74	-0.192432	4.99496
2.75	-0.142483	5.02575
2.76	-0.0922254	5.04854
2.77	-0.04174	5.0633
2.78	0.00889304	5.06998
2.79	0.0595928	5.06856
2.8	0.110278	5.05902
2.81	0.160869	5.04138
2.82	0.211282	5.01564
2.83	0.261439	4.98183
2.84	0.311257	4.94
2.85	0.360657	4.8902
2.86	0.409559	4.8325
2.87	0.457884	4.76697
2.88	0.505554	4.69371
2.89	0.552491	4.61282
2.9	0.598619	4.52442
2.91	0.643863	4.42864
2.92	0.68815	4.32562
2.93	0.731406	4.21552
2.94	0.773561	4.09849
2.95	0.814546	3.97472
2.96	0.854293	3.8444
2.97	0.892737	3.70771
2.98	0.929814	3.56487
2.99	0.965463	3.4161
3	0.999624	3.26163
3.01	1.03224	3.10169
3.02	1.06326	2.93653
3.03	1.09262	2.76641
3.04	1.12029	2.59159
3.05	1.1462	2.41234
3.06	1.17033	2.22895
3.07	1.19262	2.0417
3.08	1.21303	1.85088
3.09	1.23154	1.65679
3.1	1.24811	1.45975
3.11	1.26271	1.26005
3.12	1.27531	1.05802
3.13	1.28589	0.853967
3.14	1.29443	0.648225
3.15	1.30091	0.441117
3.16	1.30532	0.232972
3.17	1.30765	0.0241206
3.18	1.30789	-0.185103
3.19	1.30604	-0.394366
3.2	1.3021	-0.603332
3.21	1.29606	-0.811668
3.22	1.28795	-1.01904
3.23	1.27776	-1.22511
3.24	1.2655	-1.42955
3.25	1.25121	-1.63203
3.26	1.23489	-1.83222
3.27	1.21657	-2.02981
3.28	1.19627	-2.22446
3.29	1.17402	-2.41586
3.3	1.14987	-2.6037
3.31	1.12383	-2.78768
3.32	1.09595	-2.9675
3.33	1.06628	-3.14285
3.34	1.03485	-3.31345
3.35	1.00171	-3.47903
3.36	0.966923	-3.6393
3.37	0.93053	-3.79401
3.38	0.89259	-3.94289
3.39	0.853161	-4.08571
3.4	0.812304	-4.22221
3.41	0.770082	-4.35218
3.42	0.72656	-4.4754
3.43	0.681806	-4.59165
3.44	0.63589	-4.70073
3.45	0.588883	-4.80248
3.46	0.540858	-4.8967
3.47	0.491891	-4.98324
3.48	0.442058	-5.06194
3.49	0.391439	-5.13267
3.5	0.340112	-5.1953
3.51	0.288159	-5.24972
3.52	0.235662	-5.29582
3.53	0.182704	-5.33353
3.54	0.129369	-5.36276
3.55	0.0757411	-5.38346
3.56	0.0219065	-5.39558
3.57	-0.0320492	-5.39908
3.58	-0.0860401	-5.39395
3.59	-0.13998	-5.38019
3.6	-0.193781	-5.35779
3.61	-0.247359	-5.32679
3.62	-0.300627	-5.28721
3.63	-0.353499	-5.23911
3.64	-0.40589	-5.18255
3.65	-0.457716	-5.11761
3.66	-0.508892	-5.04437
3.67	-0.559336	-4.96295
3.68	-0.608965	-4.87346
3.69	-0.6577	-4.77602
3.7	-0.70546	-4.67079
3.71	-0.752168	-4.55792
3.72	-0.797747	-4.43757
3.73	-0.842123	-4.30993
3.74	-0.885222	-4.17519
3.75	-0.926974	-4.03355
3.76	-0.967309	-3.88524
3.77	-1.00616	-3.73047
3.78	-1.04347	-3.56948
3.79	-1.07916	-3.40253
3.8	-1.11319	-3.22986
3.81	-1.14549	-3.05175
3.82	-1.176	-2.86847
3.83	-1.20469	-2.68031
3.84	-1.23149	-2.48756
3.85	-1.25637	-2.29053
3.86	-1.27927	-2.08951
3.87	-1.30017	-1.88482
3.88	-1.31901	-1.6768
3.89	-1.33578	-1.46575
3.9	-1.35044	-1.25203
3.91	-1.36296	-1.03596
3.92	-1.37332	-0.817885
3.93	-1.3815	-0.598154
3.94	-1.38748	-0.377114
3.95	-1.39125	-0.155117
3.96	-1.3928	0.0674831
3.97	-1.39213	0.290332
3.98	-1.38922	0.513072
3.99	-1.38409	0.735348
4	-1.37674	0.956803
4.01	-1.36717	1.17708
4.02	-1.3554	1.39583
4.03	-1.34144	1.61269
4.04	-1.32532	1.82732
4.05	-1.30704	2.03937
4.06	-1.28665	2.2485
4.07	-1.26416	2.45437
4.08	-1.23962	2.65663
4.09	-1.21305	2.85497
4.1	-1.1845	3.04906
4.11	-1.15401	3.23858
4.12	-1.12163	3.42322
4.13	-1.0874	3.60268
4.14	-1.05137	3.77667
4.15	-1.0136	3.94489
4.16	-0.974154	4.10706
4.17	-0.933083	4.26293
4.18	-0.890454	4.41222
4.19	-0.846332	4.55469
4.2	-0.800785	4.69011
4.21	-0.753884	4.81823
4.22	-0.705701	4.93885
4.23	-0.656313	5.05177
4.24	-0.605795	5.15678
4.25	-0.554227	5.2537
4.26	-0.50169	5.34238
4.27	-0.448267	5.42265
4.28	-0.39404	5.49437
4.29	-0.339096	5.55742
4.3	-0.283522	5.61167
4.31	-0.227405	5.65704
4.32	-0.170835	5.69342
4.33	-0.113901	5.72076
4.34	-0.0566933	5.73898
4.35	0.000696511	5.74805
4.36	0.058177	5.74794
4.37	0.115656	5.73863
4.38	0.173043	5.72013
4.39	0.230244	5.69244
4.4	0.287168	5.6556
4.41	0.343724	5.60965
4.42	0.399821	5.55466
4.43	0.455368	5.49069
4.44	0.510274	5.41783
4.45	0.564453	5.33618
4.46	0.617814	5.24587
4.47	0.670273	5.14702
4.48	0.721743	5.03978
4.49	0.772141	4.9243
4.5	0.821384	4.80076
4.51	0.869392	4.66933
4.52	0.916085	4.53023
4.53	0.961387	4.38366
4.54	1.00522	4.22984
4.55	1.04752	4.069
4.56	1.08821	3.9014
4.57	1.12723	3.72728
4.58	1.1645	3.54693
4.59	1.19997	3.36061
4.6	1.23357	3.16861
4.61	1.26526	2.97124
4.62	1.29497	2.7688
4.63	1.32266	2.5616
4.64	1.34828	2.34998
4.65	1.37178	2.13425
4.66	1.39312	1.91477
4.67	1.41227	1.69187
4.68	1.42919	1.46591
4.69	1.44384	1.23724
4.7	1.45622	1.00622
4.71	1.46628	0.773227
4.72	1.47401	0.538622
4.73	1.4794	0.30278
4.74	1.48243	0.0660764
4.75	1.48309	-0.171112
4.76	1.48138	-0.408405
4.77	1.47729	-0.645425
4.78	1.47084	-0.881792
4.79	1.46202	-1.11713
4.8	1.45085	-1.35105
4.81	1.43734	-1.58318
4.82	1.42151	-1.81316
4.83	1.40337	-2.0406
4.84	1.38297	-2.26514
4.85	1.36032	-2.48641
4.86	1.33545	-2.70406
4.87	1.30841	-2.91774
4.88	1.27923	-3.12708
4.89	1.24796	-3.33176
4.9	1.21465	-3.53143
4.91	1.17933	-3.72578
4.92	1.14207	-3.91447
4.93	1.10293	-4.0972
4.94	1.06196	-4.27367
4.95	1.01922	-4.44358
4.96	0.974784	-4.60666
4.97	0.928718	-4.76263
4.98	0.881092	-4.91122
4.99	0.831979	-5.05219
5	0.781457	-5.18531
5.01	0.729604	-5.31034
5.02	0.676501	-5.42708
5.03	0.62223	-5.53532
5.04	0.566877	-5.63488
5.05	0.510528	-5.72558
5.06	0.453272	-5.80726
5.07	0.3952	-5.87979
5.08	0.336402	-5.94302
5.09	0.276972	-5.99684
5.1	0.217003	-6.04116
5.11	0.156592	-6.07588
5.12	0.0958328	-6.10093
5.13	0.0348234	-6.11627
5.14	-0.0263392	-6.12184
5.15	-0.0875576	-6.11762
5.16	-0.148734	-6.10361
5.17	-0.20977	-6.07982
5.18	-0.270568	-6.04625
5.19	-0.331031	-6.00296
5.2	-0.39106	-5.95
5.21	-0.45056	-5.88743
5.22	-0.509435	-5.81534
5.23	-0.567588	-5.73383
5.24	-0.624926	-5.64302
5.25	-0.681356	-5.54303
5.26	-0.736787	-5.43401
5.27	-0.791127	-5.31612
5.28	-0.844288	-5.18954
5.29	-0.896183	-5.05446
5.3	-0.946728	-4.91107
5.31	-0.995839	-4.75959
5.32	-1.04343	-4.60026
5.33	-1.08944	-4.43331
5.34	-1.13377	-4.259
5.35	-1.17636	-4.07759
5.36	-1.21714	-3.88938
5.37	-1.25603	-3.69464
5.38	-1.29298	-3.49367
5.39	-1.32791	-3.28679
5.4	-1.36078	-3.07433
5.41	-1.39152	-2.8566
5.42	-1.42009	-2.63396
5.43	-1.44643	-2.40675
5.44	-1.4705	-2.17532
5.45	-1.49225	-1.94004
5.46	-1.51165	-1.70128
5.47	-1.52866	-1.45941
5.48	-1.54326	-1.21483
5.49	-1.55541	-0.967905
5.5	-1.56509	-0.71904
5.51	-1.57228	-0.468626
5.52	-1.57696	-0.217062
5.53	-1.57913	0.0352516
5.54	-1.57878	0.287913
5.55	-1.5759	0.540518
5.56	-1.5705	0.792662
5.57	-1.56257	1.04394
5.58	-1.55213	1.29395
5.59	-1.53919	1.54229
5.6	-1.52377	1.78856
5.61	-1.50588	2.03237
5.62	-1.48556	2.27331
5.63	-1.46282	2.511
5.64	-1.43771	2.74505
5.65	-1.41026	2.97508
5.66	-1.38051	3.20072
5.67	-1.34851	3.42161
5.68	-1.31429	3.63737
5.69	-1.27792	3.84765
5.7	-1.23944	4.05212
5.71	-1.19892	4.25043
5.72	-1.15641	4.44226
5.73	-1.11199	4.62728
5.74	-1.06572	4.8052
5.75	-1.01767	4.97572
5.76	-0.96791	5.13855
5.77	-0.916524	5.29341
5.78	-0.86359	5.44005
5.79	-0.80919	5.57823
5.8	-0.753407	5.7077
5.81	-0.69633	5.82824
5.82	-0.638048	5.93966
5.83	-0.578651	6.04175
5.84	-0.518234	6.13433
5.85	-0.456891	6.21725
5.86	-0.394718	6.29035
5.87	-0.331815	6.3535
5.88	-0.26828	6.40659
5.89	-0.204214	6.44952
5.9	-0.139718	6.48219
5.91	-0.0748965	6.50455
5.92	-0.00985106	6.51653
5.93	0.0553143	6.51811
5.94	0.120495	6.50926
5.95	0.185588	6.48998
5.96	0.250488	6.46028
5.97	0.315091	6.42021
5.98	0.379293	6.36979
5.99	0.442991	6.30911
6	0.506082	6.23823
6.01	0.568464	6.15725
6.02	0.630036	6.0663
6.03	0.690699	5.96549
6.04	0.750354	5.85498
6.05	0.808904	5.73492
6.06	0.866253	5.6055
6.07	0.922308	5.4669
6.08	0.976977	5.31933
6.09	1.03017	5.16301
6.1	1.0818	4.99819
6.11	1.13178	4.8251
6.12	1.18003	4.64401
6.13	1.22647	4.45521
6.14	1.27103	4.25897
6.15	1.31362	4.05561
6.16	1.35417	3.84543
6.17	1.39263	3.62876
6.18	1.42891	3.40594
6.19	1.46297	3.17732
6.2	1.49475	2.94324
6.21	1.52418	2.70408
6.22	1.55122	2.46021
6.23	1.57582	2.21202
6.24	1.59794	1.95989
6.25	1.61754	1.70421
6.26	1.63458	1.44541
6.27	1.64904	1.18388
6.28	1.66088	0.920029
6.29	1.67008	0.654289
6.3	1.67662	0.387077
6.31	1.68049	0.118818
6.32	1.68168	-0.15006
6.33	1.68018	-0.419129
6.34	1.67599	-0.687957
6.35	1.66911	-0.956115
6.36	1.65955	-1.22317
6.37	1.64731	-1.4887
6.38	1.63243	-1.75227
6.39	1.6149	-2.01346
6.4	1.59477	-2.27184
6.41	1.57205	-2.527
6.42	1.54678	-2.77853
6.43	1.519	-3.02602
6.44	1.48874	-3.26906
6.45	1.45604	-3.50725
6.46	1.42097	-3.74022
6.47	1.38357	-3.96758
6.48	1.34389	-4.18895
6.49	1.302	-4.40397
6.5	1.25796	-4.61229
6.51	1.21184	-4.81357
6.52	1.16371	-5.00746
6.53	1.11363	-5.19365
6.54	1.0617	-5.37184
6.55	1.00798	-5.54171
6.56	0.95256	-5.70298
6.57	0.89553	-5.85539
6.58	0.836976	-5.99868
6.59	0.776989	-6.13259
6.6	0.715663	-6.25691
6.61	0.653094	-6.37142
6.62	0.58938	-6.47591
6.63	0.524621	-6.57021
6.64	0.458919	-6.65415
6.65	0.392377	-6.72758
6.66	0.325101	-6.79036
6.67	0.257198	-6.84238
6.68	0.188774	-6.88353
6.69	0.119939	-6.91373
6.7	0.0508013	-6.93292
6.71	-0.0185279	-6.94105
6.72	-0.0879384	-6.93809
6.73	-0.157319	-6.92402
6.74	-0.226559	-6.89884
6.75	-0.295548	-6.8626
6.76	-0.364174	-6.81531
6.77	-0.432327	-6.75704
6.78	-0.499897	-6.68787
6.79	-0.566776	-6.60788
6.8	-0.632855	-6.5172
6.81	-0.698027	-6.41594
6.82	-0.762186	-6.30426
6.83	-0.825229	-6.18231
6.84	-0.887052	-6.05027
6.85	-0.947555	-5.90834
6.86	-1.00664	-5.75674
6.87	-1.06421	-5.59567
6.88	-1.12016	-5.4254
6.89	-1.17442	-5.24617
6.9	-1.22688	-5.05827
6.91	-1.27746	-4.86197
6.92	-1.32608	-4.65757
6.93	-1.37266	-4.4454
6.94	-1.41711	-4.22578
6.95	-1.45937	-3.99904
6.96	-1.49936	-3.76554
6.97	-1.53701	-3.52564
6.98	-1.57227	-3.27972
6.99	-1.60507	-3.02816
7	-1.63535	-2.77135
7.01	-1.66306	-2.50969
7.02	-1.68816	-2.2436
7.03	-1.7106	-1.97349
7.04	-1.73033	-1.6998
7.05	-1.74733	-1.42295
7.06	-1.76156	-1.14337
7.07	-1.77299	-0.861525
7.08	-1.78161	-0.577846
7.09	-1.78738	-0.292789
7.1	-1.79031	-0.00680774
7.11	-1.79038	0.279642
7.12	-1.78758	0.566103
7.13	-1.78192	0.852117
7.14	-1.7734	1.13722
7.15	-1.76203	1.42097
7.16	-1.74782	1.70289
7.17	-1.73079	1.98254
7.18	-1.71097	2.25947
7.19	-1.68837	2.53323
7.2	-1.66304	2.80337
7.21	-1.63501	3.06945
7.22	-1.60431	3.33105
7.23	-1.571	3.58774
7.24	-1.53512	3.8391
7.25	-1.49673	4.08472
7.26	-1.45588	4.3242
7.27	-1.41264	4.55714
7.28	-1.36707	4.78316
7.29	-1.31924	5.00189
7.3	-1.26922	5.21297
7.31	-1.21709	5.41605
7.32	-1.16293	5.61078
7.33	-1.10682	5.79685
7.34	-1.04885	5.97394
7.35	-0.989115	6.14176
7.36	-0.927697	6.30002
7.37	-0.864697	6.44845
7.38	-0.800212	6.5868
7.39	-0.734344	6.71484
7.4	-0.667196	6.83233
7.41	-0.598873	6.93908
7.42	-0.529482	7.0349
7.43	-0.459133	7.11962
7.44	-0.387937	7.19308
7.45	-0.316006	7.25515
7.46	-0.243454	7.30571
7.47	-0.170397	7.34466
7.48	-0.0969506	7.37193
7.49	-0.0232313	7.38744
7.5	0.0506431	7.39116
7.51	0.124555	7.38305
7.52	0.198385	7.36312
7.53	0.272016	7.33138
7.54	0.34533	7.28786
7.55	0.418209	7.23261
7.56	0.490535	7.16569
7.57	0.562192	7.08721
7.58	0.633064	6.99726
7.59	0.703036	6.89597
7.6	0.771996	6.78348
7.61	0.839831	6.65996
7.62	0.906431	6.52559
7.63	0.971686	6.38056
7.64	1.03549	6.22509
7.65	1.09774	6.05941
7.66	1.15834	5.88377
7.67	1.21717	5.69844
7.68	1.27416	5.50369
7.69	1.3292	5.29983
7.7	1.38219	5.08715
7.71	1.43307	4.866
7.72	1.48173	4.63671
7.73	1.52809	4.39964
7.74	1.57209	4.15514
7.75	1.61364	3.90361
7.76	1.65268	3.64542
7.77	1.68913	3.381
7.78	1.72294	3.11074
7.79	1.75405	2.83506
7.8	1.7824	2.55442
7.81	1.80794	2.26923
7.82	1.83064	1.97996
7.83	1.85044	1.68706
7.84	1.86731	1.39099
7.85	1.88122	1.09222
7.86	1.89214	0.791227
7.87	1.90005	0.488485
7.88	1.90494	0.184477
7.89	1.90678	-0.120312
7.9	1.90558	-0.425397
7.91	1.90132	-0.73029
7.92	1.89402	-1.0345
7.93	1.88367	-1.33754
7.94	1.8703	-1.63893
7.95	1.85391	-1.93818
7.96	1.83453	-2.23481
7.97	1.81218	-2.52833
7.98	1.7869	-2.81828
7.99	1.75871	-3.10418
8	1.72767	-3.38558
8.01	1.69382	-3.662
8.02	1.6572	-3.93302
8.03	1.61787	-4.19817
8.04	1.57588	-4.45703
8.05	1.53131	-4.70917
8.06	1.48422	-4.95418
8.07	1.43468	-5.19165
8.08	1.38276	-5.4212
8.09	1.32855	-5.64244
8.1	1.27213	-5.85501
8.11	1.21358	-6.05855
8.12	1.15299	-6.25273
8.13	1.09047	-6.4372
8.14	1.02609	-6.61168
8.15	0.959976	-6.77585
8.16	0.892218	-6.92945
8.17	0.822923	-7.0722
8.18	0.752201	-7.20387
8.19	0.680162	-7.32422
8.2	0.60692	-7.43305
8.21	0.53259	-7.53016
8.22	0.457288	-7.61537
8.23	0.381134	-7.68854
8.24	0.304249	-7.74952
8.25	0.226754	-7.7982
8.26	0.148772	-7.83448
8.27	0.0704271	-7.85828
8.28	-0.00815578	-7.86955
8.29	-0.0868513	-7.86825
8.3	-0.165534	-7.85435
8.31	-0.244077	-7.82787
8.32	-0.322356	-7.78881
8.33	-0.400244	-7.73724
8.34	-0.477616	-7.6732
8.35	-0.554348	-7.59678
8.36	-0.630316	-7.50808
8.37	-0.705397	-7.40723
8.38	-0.779469	-7.29437
8.39	-0.852413	-7.16965
8.4	-0.92411	-7.03327
8.41	-0.994442	-6.88541
8.42	-1.0633	-6.7263
8.43	-1.13056	-6.55617
8.44	-1.19612	-6.37528
8.45	-1.25987	-6.1839
8.46	-1.32171	-5.98232
8.47	-1.38154	-5.77085
8.48	-1.43924	-5.5498
8.49	-1.49474	-5.31952
8.5	-1.54794	-5.08037
8.51	-1.59874	-4.8327
8.52	-1.64707	-4.5769
8.53	-1.69284	-4.31337
8.54	-1.73597	-4.04251
8.55	-1.7764	-3.76476
8.56	-1.81404	-3.48053
8.57	-1.84885	-3.19029
8.58	-1.88075	-2.89447
8.59	-1.9097	-2.59355
8.6	-1.93563	-2.288
8.61	-1.95851	-1.9783
8.62	-1.9783	-1.66494
8.63	-1.99494	-1.34841
8.64	-2.00843	-1.02922
8.65	-2.01872	-0.707868
8.66	-2.0258	-0.384873
8.67	-2.02965	-0.060745
8.68	-2.03026	0.263999
8.69	-2.02762	0.58884
8.7	-2.02173	0.913258
8.71	-2.01259	1.23673
8.72	-2.00023	1.55875
8.73	-1.98464	1.87879
8.74	-1.96585	2.19633
8.75	-1.94389	2.51086
8.76	-1.91878	2.82189
8.77	-1.89056	3.12889
8.78	-1.85927	3.43138
8.79	-1.82496	3.72886
8.8	-1.78767	4.02086
8.81	-1.74746	4.30689
8.82	-1.70439	4.58648
8.83	-1.65853	4.85918
8.84	-1.60994	5.12455
8.85	-1.55869	5.38214
8.86	-1.50487	5.63153
8.87	-1.44855	5.87231
8.88	-1.38983	6.10407
8.89	-1.32879	6.32645
8.9	-1.26553	6.53905
8.91	-1.20013	6.74154
8.92	-1.13272	6.93356
8.93	-1.06338	7.11479
8.94	-0.992236	7.28494
8.95	-0.919387	7.44369
8.96	-0.84495	7.5908
8.97	-0.769042	7.72599
8.98	-0.691782	7.84903
8.99	-0.613291	7.95972
9	-0.533694	8.05785
9.01	-0.453116	8.14324
9.02	-0.371683	8.21573
9.03	-0.289526	8.2752
9.04	-0.206774	8.32153
9.05	-0.123559	8.35461
9.06	-0.0400126	8.37438
9.07	0.0437312	8.38078
9.08	0.127539	8.37379
9.09	0.211277	8.35338
9.1	0.294811	8.31958
9.11	0.378006	8.27241
9.12	0.460731	8.21193
9.13	0.54285	8.13821
9.14	0.624232	8.05135
9.15	0.704745	7.95148
9.16	0.78426	7.83872
9.17	0.862647	7.71323
9.18	0.93978	7.57521
9.19	1.01553	7.42485
9.2	1.08978	7.26236
9.21	1.1624	7.088
9.22	1.23328	6.90201
9.23	1.3023	6.70469
9.24	1.36935	6.49632
9.25	1.43431	6.27722
9.26	1.49709	6.04773
9.27	1.55756	5.8082
9.28	1.61565	5.55899
9.29	1.67124	5.30048
9.3	1.72424	5.03309
9.31	1.77457	4.75721
9.32	1.82214	4.47328
9.33	1.86688	4.18173
9.34	1.90869	3.88303
9.35	1.94752	3.57764
9.36	1.9833	3.26604
9.37	2.01596	2.94871
9.38	2.04545	2.62616
9.39	2.07171	2.29889
9.4	2.0947	1.96741
9.41	2.11437	1.63226
9.42	2.13069	1.29396
9.43	2.14363	0.95305
9.44	2.15316	0.610068
9.45	2.15927	0.265562
9.46	2.16192	-0.0799204
9.47	2.16112	-0.425828
9.48	2.15686	-0.771607
9.49	2.14915	-1.11671
9.5	2.13798	-1.46057
9.51	2.12337	-1.80265
9.52	2.10535	-2.14239
9.53	2.08392	-2.47924
9.54	2.05913	-2.81267
9.55	2.03101	-3.14213
9.56	1.99958	-3.46709
9.57	1.96491	-3.78702
9.58	1.92704	-4.10141
9.59	1.88603	-4.40974
9.6	1.84193	-4.7115
9.61	1.79482	-5.00621
9.62	1.74475	-5.29338
9.63	1.69182	-5.57254
9.64	1.63609	-5.84323
9.65	1.57766	-6.10501
9.66	1.51661	-6.35744
9.67	1.45304	-6.60009
9.68	1.38704	-6.83258
9.69	1.31871	-7.05451
9.7	1.24817	-7.2655
9.71	1.17551	-7.46521
9.72	1.10086	-7.65329
9.73	1.02433	-7.82943
9.74	0.946032	-7.99332
9.75	0.866099	-8.14468
9.76	0.784652	-8.28326
9.77	0.70182	-8.4088
9.78	0.617732	-8.52109
9.79	0.532521	-8.61993
9.8	0.446321	-8.70513
9.81	0.35927	-8.77655
9.82	0.271505	-8.83403
9.83	0.183164	-8.87747
9.84	0.0943896	-8.90678
9.85	0.00532183	-8.92188
9.86	-0.083897	-8.92273
9.87	-0.173124	-8.90931
9.88	-0.262217	-8.88161
9.89	-0.351033	-8.83965
9.9	-0.43943	-8.78349
9.91	-0.527265	-8.71318
9.92	-0.614397	-8.62882
9.93	-0.700685	-8.53051
9.94	-0.78599	-8.4184
9.95	-0.870174	-8.29264
9.96	-0.9531	-8.15342
9.97	-1.03463	-8.00092
9.98	-1.11464	-7.83538
9.99	-1.193	-7.65704
10	-1.26957	-7.46616
10.01	-1.34423	-7.26303
10.02	-1.41686	-7.04795
10.03	-1.48734	-6.82125
10.04	-1.55555	-6.58328
10.05	-1.62138	-6.33439
10.06	-1.68473	-6.07497
10.07	-1.74548	-5.80541
10.08	-1.80353	-5.52613
10.09	-1.85879	-5.23757
10.1	-1.91117	-4.94016
10.11	-1.96057	-4.63437
10.12	-2.00691	-4.32068
10.13	-2.05012	-3.99958
10.14	-2.09012	-3.67156
10.15	-2.12683	-3.33714
10.16	-2.1602	-2.99685
10.17	-2.19017	-2.65121
10.18	-2.21668	-2.30079
10.19	-2.23969	-1.94612
10.2	-2.25915	-1.58777
10.21	-2.27503	-1.2263
10.22	-2.28729	-0.862296
10.23	-2.29592	-0.496329
10.24	-2.30088	-0.128982
10.25	-2.30217	0.239159
10.26	-2.29978	0.607506
10.27	-2.2937	0.975471
10.28	-2.28395	1.34246
10.29	-2.27052	1.7079
10.3	-2.25345	2.07118
10.31	-2.23273	2.43173
10.32	-2.20842	2.78897
10.33	-2.18053	3.14231
10.34	-2.1491	3.4912
10.35	-2.11419	3.83506
10.36	-2.07584	4.17333
10.37	-2.03411	4.50546
10.38	-1.98905	4.83092
10.39	-1.94074	5.14917
10.4	-1.88925	5.45968
10.41	-1.83466	5.76197
10.42	-1.77704	6.05551
10.43	-1.71648	6.33984
10.44	-1.65308	6.61447
10.45	-1.58694	6.87897
10.46	-1.51815	7.13288
10.47	-1.44682	7.37578
10.48	-1.37306	7.60727
10.49	-1.29699	7.82696
10.5	-1.21872	8.03448
10.51	-1.13837	8.22947
10.52	-1.05608	8.41161
10.53	-0.971963	8.58059
10.54	-0.886157	8.7361
10.55	-0.798796	8.87789
10.56	-0.710018	9.00569
10.57	-0.619961	9.1193
10.58	-0.528768	9.21849
10.59	-0.436583	9.30309
10.6	-0.343552	9.37295
10.61	-0.249822	9.42791
10.62	-0.155543	9.46789
10.63	-0.0608644	9.49277
10.64	0.0340633	9.50251
10.65	0.129088	9.49706
10.66	0.224059	9.47641
10.67	0.318823	9.44056
10.68	0.413229	9.38955
10.69	0.507124	9.32343
10.7	0.600358	9.24229
10.71	0.692781	9.14623
10.72	0.784244	9.03539
10.73	0.874597	8.90991
10.74	0.963697	8.76997
10.75	1.0514	8.61578
10.76	1.13755	8.44756
10.77	1.22203	8.26555
10.78	1.30469	8.07002
10.79	1.38539	7.86127
10.8	1.464	7.63961
10.81	1.54039	7.40537
10.82	1.61445	7.15891
10.83	1.68604	6.9006
10.84	1.75504	6.63083
10.85	1.82135	6.35003
10.86	1.88485	6.05861
10.87	1.94544	5.75703
10.88	2.00301	5.44576
10.89	2.05747	5.12528
10.9	2.10872	4.79609
10.91	2.15668	4.45869
10.92	2.20127	4.11362
10.93	2.2424	3.76142
10.94	2.28002	3.40264
10.95	2.31404	3.03783
10.96	2.34442	2.66759
10.97	2.3711	2.29248
10.98	2.39402	1.9131
10.99	2.41315	1.53006
11	2.42845	1.14396
11.01	2.43989	0.755403
11.02	2.44745	0.36502
11.03	2.4511	-0.0265713
11.04	2.45083	-0.418747
11.05	2.44664	-0.81088
11.06	2.43854	-1.20234
11.07	2.42651	-1.59251
11.08	2.41059	-1.98075
11.09	2.39078	-2.36644
11.1	2.36712	-2.74897
11.11	2.33963	-3.12771
11.12	2.30835	-3.50205
11.13	2.27333	-3.87138
11.14	2.23461	-4.23512
11.15	2.19226	-4.59265
11.16	2.14634	-4.94342
11.17	2.0969	-5.28683
11.18	2.04403	-5.62233
11.19	1.98781	-5.94938
11.2	1.92832	-6.26743
11.21	1.86564	-6.57596
11.22	1.79988	-6.87446
11.23	1.73114	-7.16244
11.24	1.65951	-7.43943
11.25	1.58512	-7.70495
11.26	1.50807	-7.95857
11.27	1.42848	-8.19986
11.28	1.34649	-8.42842
11.29	1.2622	-8.64385
11.3	1.17576	-8.84581
11.31	1.0873	-9.03393
11.32	0.996966	-9.2079
11.33	0.904887	-9.36741
11.34	0.811213	-9.51219
11.35	0.716091	-9.64199
11.36	0.619671	-9.75656
11.37	0.522105	-9.85571
11.38	0.423548	-9.93925
11.39	0.324156	-10.007
11.4	0.224085	-10.0589
11.41	0.123497	-10.0947
11.42	0.0225493	-10.1145
11.43	-0.0785956	-10.1181
11.44	-0.179777	-10.1055
11.45	-0.280832	-10.0768
11.46	-0.381599	-10.0318
11.47	-0.481918	-9.97077
11.48	-0.581625	-9.89366
11.49	-0.680562	-9.8006
11.5	-0.778568	-9.69171
11.51	-0.875485	-9.56714
11.52	-0.971157	-9.42707
11.53	-1.06543	-9.27168
11.54	-1.15814	-9.10121
11.55	-1.24916	-8.91591
11.56	-1.33832	-8.71604
11.57	-1.42548	-8.50191
11.58	-1.51049	-8.27384
11.59	-1.59323	-8.03216
11.6	-1.67355	-7.77724
11.61	-1.75133	-7.50947
11.62	-1.82642	-7.22926
11.63	-1.89871	-6.93703
11.64	-1.96808	-6.63324
11.65	-2.03442	-6.31834
11.66	-2.0976	-5.99284
11.67	-2.15753	-5.65722
11.68	-2.2141	-5.31202
11.69	-2.26722	-4.95776
11.7	-2.3168	-4.59501
11.71	-2.36275	-4.22432
11.72	-2.40499	-3.84628
11.73	-2.44346	-3.46148
11.74	-2.47807	-3.07053
11.75	-2.50878	-2.67403
11.76	-2.53552	-2.27263
11.77	-2.55824	-1.86695
11.78	-2.57691	-1.45763
11.79	-2.59149	-1.04532
11.8	-2.60194	-0.630686
11.81	-2.60825	-0.214375
11.82	-2.61039	0.202944
11.83	-2.60836	0.620607
11.84	-2.60216	1.03795
11.85	-2.59178	1.45429
11.86	-2.57723	1.86897
11.87	-2.55854	2.28133
11.88	-2.53573	2.6907
11.89	-2.50882	3.09642
11.9	-2.47786	3.49783
11.91	-2.44288	3.89428
11.92	-2.40394	4.28515
11.93	-2.36109	4.66978
11.94	-2.31439	5.04755
11.95	-2.26391	5.41785
11.96	-2.20974	5.78008
11.97	-2.15193	6.13364
11.98	-2.0906	6.47795
11.99	-2.02582	6.81244
12	-1.95769	7.13657
12.01	-1.88633	7.4498
12.02	-1.81183	7.75162
12.03	-1.73431	8.04151
12.04	-1.6539	8.319
12.05	-1.57071	8.58362
12.06	-1.48487	8.83494
12.07	-1.39652	9.07252
12.08	-1.3058	9.29596
12.09	-1.21284	9.50489
12.1	-1.11779	9.69894
12.11	-1.0208	9.87779
12.12	-0.922023	10.0411
12.13	-0.821611	10.1886
12.14	-0.719725	10.3201
12.15	-0.616524	10.4353
12.16	-0.512172	10.5339
12.17	-0.406833	10.6158
12.18	-0.300674	10.6809
12.19	-0.193865	10.729
12.2	-0.0865743	10.7601
12.21	0.0210264	10.7739
12.22	0.128766	10.7706
12.23	0.236471	10.7499
12.24	0.343971	10.7121
12.25	0.451092	10.6571
12.26	0.557662	10.5849
12.27	0.663511	10.4957
12.28	0.768468	10.3895
12.29	0.872363	10.2666
12.3	0.975029	10.127
12.31	1.0763	9.97098
12.32	1.17601	9.79877
12.33	1.274	9.61061
12.34	1.3701	9.40677
12.35	1.46417	9.18755
12.36	1.55605	8.95329
12.37	1.64558	8.70432
12.38	1.73262	8.44103
12.39	1.81703	8.16381
12.4	1.89867	7.87308
12.41	1.9774	7.56929
12.42	2.05309	7.25291
12.43	2.12562	6.92442
12.44	2.19487	6.58432
12.45	2.26071	6.23314
12.46	2.32304	5.87142
12.47	2.38176	5.49974
12.48	2.43675	5.11866
12.49	2.48794	4.72878
12.5	2.53523	4.3307
12.51	2.57853	3.92507
12.52	2.61779	3.5125
12.53	2.65291	3.09366
12.54	2.68385	2.66919
12.55	2.71054	2.23978
12.56	2.73294	1.80609
12.57	2.751	1.36882
12.58	2.76469	0.92866
12.59	2.77397	0.486311
12.6	2.77884	0.0424752
12.61	2.77926	-0.402138
12.62	2.77524	-0.84682
12.63	2.76677	-1.29086
12.64	2.75386	-1.73354
12.65	2.73653	-2.17416
12.66	2.71478	-2.612
12.67	2.68866	-3.04637
12.68	2.6582	-3.47656
12.69	2.62344	-3.90187
12.7	2.58442	-4.32162
12.71	2.5412	-4.73512
12.72	2.49385	-5.14172
12.73	2.44243	-5.54073
12.74	2.38702	-5.93152
12.75	2.32771	-6.31345
12.76	2.26458	-6.68588
12.77	2.19772	-7.04821
12.78	2.12723	-7.39985
12.79	2.05324	-7.7402
12.8	1.97583	-8.06872
12.81	1.89515	-8.38485
12.82	1.8113	-8.68808
12.83	1.72442	-8.97789
12.84	1.63464	-9.25379
12.85	1.5421	-9.51533
12.86	1.44695	-9.76207
12.87	1.34933	-9.99358
12.88	1.24939	-10.2095
12.89	1.1473	-10.4094
12.9	1.0432	-10.5929
12.91	0.937273	-10.7599
12.92	0.829674	-10.9098
12.93	0.720576	-11.0426
12.94	0.61015	-11.1579
12.95	0.498572	-11.2555
12.96	0.386017	-11.3353
12.97	0.272664	-11.397
12.98	0.158694	-11.4406
12.99	0.0442877	-11.466
13	-0.0703726	-11.4731
13.01	-0.185104	-11.4619
13.02	-0.299722	-11.4322
13.03	-0.414045	-11.3843
13.04	-0.527888	-11.318
13.05	-0.641068	-11.2336
13.06	-0.753404	-11.131
13.07	-0.864714	-11.0105
13.08	-0.974819	-10.8721
13.09	-1.08354	-10.7161
13.1	-1.1907	-10.5428
13.11	-1.29613	-10.3523
13.12	-1.39965	-10.1449
13.13	-1.5011	-9.92094
13.14	-1.60031	-9.68076
13.15	-1.69712	-9.42471
13.16	-1.79136	-9.15317
13.17	-1.8829	-8.86655
13.18	-1.97156	-8.56529
13.19	-2.05721	-8.24984
13.2	-2.13971	-7.92069
13.21	-2.21892	-7.57833
13.22	-2.2947	-7.2233
13.23	-2.36694	-6.85615
13.24	-2.4355	-6.47744
13.25	-2.50027	-6.08776
13.26	-2.56115	-5.68772
13.27	-2.61803	-5.27794
13.28	-2.67081	-4.85905
13.29	-2.7194	-4.43172
13.3	-2.76371	-3.99662
13.31	-2.80368	-3.55442
13.32	-2.83922	-3.10584
13.33	-2.87028	-2.65156
13.34	-2.8968	-2.19231
13.35	-2.91872	-1.72883
13.36	-2.93601	-1.26183
13.37	-2.94863	-0.792069
13.38	-2.95655	-0.320288
13.39	-2.95975	0.152759
13.4	-2.95822	0.62632
13.41	-2.95196	1.09964
13.42	-2.94096	1.57195
13.43	-2.92525	2.0425
13.44	-2.90482	2.51054
13.45	-2.87971	2.97531
13.46	-2.84996	3.43607
13.47	-2.8156	3.89206
13.48	-2.77668	4.34256
13.49	-2.73325	4.78683
13.5	-2.68539	5.22415
13.51	-2.63314	5.65381
13.52	-2.57661	6.07511
13.53	-2.51586	6.48737
13.54	-2.45098	6.88991
13.55	-2.38208	7.28206
13.56	-2.30926	7.6632
13.57	-2.23263	8.03268
13.58	-2.1523	8.3899
13.59	-2.0684	8.73427
13.6	-1.98106	9.06521
13.61	-1.89041	9.38218
13.62	-1.79659	9.68465
13.63	-1.69974	9.9721
13.64	-1.60002	10.2441
13.65	-1.49758	10.5001
13.66	-1.39258	10.7397
13.67	-1.28518	10.9625
13.68	-1.17556	11.1681
13.69	-1.06388	11.3562
13.7	-0.950314	11.5264
13.71	-0.83505	11.6785
13.72	-0.718265	11.8121
13.73	-0.600144	11.927
13.74	-0.480874	12.023
13.75	-0.360644	12.1
13.76	-0.239644	12.1577
13.77	-0.118067	12.196
13.78	0.00389292	12.2149
13.79	0.126042	12.2143
13.8	0.248185	12.1941
13.81	0.370126	12.1544
13.82	0.49167	12.0952
13.83	0.612622	12.0165
13.84	0.732787	11.9185
13.85	0.851972	11.8013
13.86	0.969985	11.6649
13.87	1.08663	11.5097
13.88	1.20173	11.3359
13.89	1.31509	11.1436
13.9	1.42653	10.9332
13.91	1.53586	10.7049
13.92	1.64291	10.4592
13.93	1.7475	10.1963
13.94	1.84946	9.91674
13.95	1.94863	9.62083
13.96	2.04484	9.30905
13.97	2.13793	8.98187
13.98	2.22775	8.63981
13.99	2.31415	8.28337
14	2.39698	7.9131
14.01	2.47611	7.52959
14.02	2.55141	7.13341
14.03	2.62274	6.72518
14.04	2.68999	6.30554
14.05	2.75305	5.87515
14.06	2.8118	5.43466
14.07	2.86615	4.98477
14.08	2.91599	4.52619
14.09	2.96126	4.05963
14.1	3.00185	3.58583
14.11	3.03771	3.10553
14.12	3.06877	2.6195
14.13	3.09496	2.12849
14.14	3.11625	1.6333
14.15	3.13258	1.1347
14.16	3.14393	0.633488
14.17	3.15026	0.13046
14.18	3.15157	-0.373582
14.19	3.14783	-0.877832
14.2	3.13905	-1.38149
14.21	3.12524	-1.88373
14.22	3.1064	-2.38377
14.23	3.08256	-2.88079
14.24	3.05375	-3.374
14.25	3.02001	-3.86261
14.26	2.98139	-4.34581
14.27	2.93793	-4.82283
14.28	2.8897	-5.2929
14.29	2.83677	-5.75525
14.3	2.77922	-6.20913
14.31	2.71713	-6.65381
14.32	2.65059	-7.08855
14.33	2.5797	-7.51264
14.34	2.50458	-7.9254
14.35	2.42532	-8.32613
14.36	2.34206	-8.71418
14.37	2.25492	-9.08891
14.38	2.16403	-9.4497
14.39	2.06953	-9.79594
14.4	1.97158	-10.1271
14.41	1.8703	-10.4425
14.42	1.76588	-10.7418
14.43	1.65846	-11.0243
14.44	1.54822	-11.2897
14.45	1.43532	-11.5374
14.46	1.31995	-11.767
14.47	1.20228	-11.9782
14.48	1.0825	-12.1706
14.49	0.96079	-12.3438
14.5	0.837352	-12.4975
14.51	0.712377	-12.6315
14.52	0.586062	-12.7455
14.53	0.458607	-12.8392
14.54	0.330215	-12.9126
14.55	0.201089	-12.9655
14.56	0.0714343	-12.9976
14.57	-0.058542	-13.0091
14.58	-0.188633	-12.9997
14.59	-0.318629	-12.9695
14.6	-0.448324	-12.9185
14.61	-0.57751	-12.8468
14.62	-0.705978	-12.7544
14.63	-0.833522	-12.6414
14.64	-0.959936	-12.5081
14.65	-1.08502	-12.3545
14.66	-1.20856	-12.1809
14.67	-1.33037	-11.9875
14.68	-1.45025	-11.7747
14.69	-1.56799	-11.5426
14.7	-1.68342	-11.2917
14.71	-1.79634	-11.0224
14.72	-1.90656	-10.735
14.73	-2.01391	-10.4299
14.74	-2.11821	-10.1077
14.75	-2.21929	-9.76878
14.76	-2.31697	-9.4137
14.77	-2.41111	-9.04298
14.78	-2.50154	-8.65721
14.79	-2.58811	-8.25696
14.8	-2.67068	-7.84286
14.81	-2.74911	-7.41555
14.82	-2.82327	-6.97569
14.83	-2.89302	-6.52397
14.84	-2.95826	-6.06109
14.85	-3.01887	-5.58777
14.86	-3.07475	-5.10475
14.87	-3.1258	-4.61279
14.88	-3.17193	-4.11266
14.89	-3.21305	-3.60515
14.9	-3.2491	-3.09106
14.91	-3.28001	-2.57121
14.92	-3.30573	-2.0464
14.93	-3.32619	-1.51749
14.94	-3.34137	-0.985296
14.95	-3.35122	-0.450678
14.96	-3.35573	0.0855172
14.97	-3.35487	0.622433
14.98	-3.34865	1.15921
14.99	-3.33705	1.695
15	-3.3201	2.22892
15.01	-3.29781	2.76014
15.02	-3.27021	3.28779
15.03	-3.23734	3.81103
15.04	-3.19923	4.329
15.05	-3.15594	4.84088
15.06	-3.10753	5.34582
15.07	-3.05407	5.84303
15.08	-2.99564	6.33168
15.09	-2.93232	6.81098
15.1	-2.86421	7.28015
15.11	-2.79141	7.73843
15.12	-2.71403	8.18505
15.13	-2.63217	8.6193
15.14	-2.54598	9.04044
15.15	-2.45558	9.4478
15.16	-2.3611	9.84069
15.17	-2.26269	10.2185
15.18	-2.16051	10.5805
15.19	-2.0547	10.9262
15.2	-1.94544	11.2549
15.21	-1.83289	11.5662
15.22	-1.71723	11.8595
15.23	-1.59863	12.1342
15.24	-1.47729	12.39
15.25	-1.35339	12.6264
15.26	-1.22713	12.8429
15.27	-1.0987	13.0393
15.28	-0.968307	13.215
15.29	-0.836157	13.37
15.3	-0.702457	13.5038
15.31	-0.567419	13.6162
15.32	-0.431258	13.7069
15.33	-0.294188	13.7759
15.34	-0.156429	13.823
15.35	-0.0181986	13.848
15.36	0.120282	13.851
15.37	0.258791	13.8317
15.38	0.397108	13.7903
15.39	0.535011	13.7268
15.4	0.672279	13.6412
15.41	0.808691	13.5336
15.42	0.944027	13.4042
15.43	1.07807	13.2532
15.44	1.2106	13.0807
15.45	1.34141	12.887
15.46	1.47028	12.6724
15.47	1.597	12.4371
15.48	1.72137	12.1816
15.49	1.84319	11.9062
15.5	1.96225	11.6113
15.51	2.07836	11.2973
15.52	2.19133	10.9648
15.53	2.30098	10.6141
15.54	2.40712	10.246
15.55	2.50958	9.86085
15.56	2.60819	9.45932
15.57	2.70279	9.04201
15.58	2.79321	8.60956
15.59	2.8793	8.16265
15.6	2.96093	7.70196
15.61	3.03795	7.22821
15.62	3.11023	6.74214
15.63	3.17765	6.2445
15.64	3.2401	5.73608
15.65	3.29746	5.21766
15.66	3.34963	4.69007
15.67	3.39653	4.15413
15.68	3.43807	3.61068
15.69	3.47418	3.06059
15.7	3.50479	2.50472
15.71	3.52983	1.94396
15.72	3.54927	1.37918
15.73	3.56307	0.811299
15.74	3.57118	0.241208
15.75	3.57359	-0.33018
15.76	3.57029	-0.901955
15.77	3.56127	-1.4732
15.78	3.54654	-2.043
15.79	3.52611	-2.61045
15.8	3.5	-3.17463
15.81	3.46826	-3.73463
15.82	3.43091	-4.28955
15.83	3.38802	-4.8385
15.84	3.33963	-5.38058
15.85	3.28582	-5.91492
15.86	3.22668	-6.44065
15.87	3.16227	-6.95692
15.88	3.0927	-7.46288
15.89	3.01807	-7.95771
15.9	2.93849	-8.44061
15.91	2.85409	-8.91076
15.92	2.76498	-9.36742
15.93	2.67131	-9.80982
15.94	2.57321	-10.2372
15.95	2.47084	-10.6489
15.96	2.36435	-11.0443
15.97	2.2539	-11.4226
15.98	2.13968	-11.7832
15.99	2.02185	-12.1255
16	1.90059	-12.449
16.01	1.7761	-12.7531
16.02	1.64857	-13.0373
16.03	1.5182	-13.3011
16.04	1.38519	-13.544
16.05	1.24975	-13.7656
16.06	1.11209	-13.9656
16.07	0.972433	-14.1435
16.08	0.830998	-14.2991
16.09	0.688007	-14.4321
16.1	0.543687	-14.5421
16.11	0.398265	-14.6291
16.12	0.251974	-14.6929
16.13	0.105045	-14.7332
16.14	-0.0422864	-14.75
16.15	-0.189786	-14.7432
16.16	-0.337218	-14.7128
16.17	-0.484347	-14.6589
16.18	-0.630936	-14.5814
16.19	-0.77675	-14.4804
16.2	-0.921554	-14.3562
16.21	-1.06512	-14.2087
16.22	-1.2072	-14.0383
16.23	-1.34759	-13.8451
16.24	-1.48604	-13.6295
16.25	-1.62233	-13.3918
16.26	-1.75625	-13.1322
16.27	-1.88757	-12.8512
16.28	-2.01608	-12.5492
16.29	-2.14158	-12.2266
16.3	-2.26384	-11.884
16.31	-2.38268	-11.5217
16.32	-2.4979	-11.1405
16.33	-2.6093	-10.7408
16.34	-2.71671	-10.3234
16.35	-2.81995	-9.88868
16.36	-2.91883	-9.43749
16.37	-3.01321	-8.97048
16.38	-3.10291	-8.48837
16.39	-3.1878	-7.9919
16.4	-3.26772	-7.48185
16.41	-3.34253	-6.95902
16.42	-3.41212	-6.42421
16.43	-3.47637	-5.87827
16.44	-3.53515	-5.32206
16.45	-3.58837	-4.75643
16.46	-3.63593	-4.18229
16.47	-3.67776	-3.60054
16.48	-3.71376	-3.0121
16.49	-3.74388	-2.4179
16.5	-3.76806	-1.81888
16.51	-3.78625	-1.21599
16.52	-3.79841	-0.610189
16.53	-3.80451	-0.00244282
16.54	-3.80454	0.606279
16.55	-3.79847	1.21501
16.56	-3.78632	1.82276
16.57	-3.7681	2.42857
16.58	-3.74381	3.03147
16.59	-3.7135	3.63048
16.6	-3.67719	4.22464
16.61	-3.63495	4.81299
16.62	-3.58682	5.39458
16.63	-3.53287	5.96847
16.64	-3.47318	6.53373
16.65	-3.40785	7.08944
16.66	-3.33695	7.63469
16.67	-3.26061	8.16861
16.68	-3.17892	8.6903
16.69	-3.09202	9.19893
16.7	-3.00003	9.69365
16.71	-2.90309	10.1737
16.72	-2.80135	10.6382
16.73	-2.69497	11.0864
16.74	-2.58411	11.5176
16.75	-2.46893	11.931
16.76	-2.34962	12.3261
16.77	-2.22636	12.702
16.78	-2.09934	13.0582
16.79	-1.96876	13.3941
16.8	-1.83482	13.7091
16.81	-1.69773	14.0027
16.82	-1.5577	14.2743
16.83	-1.41496	14.5235
16.84	-1.26972	14.7499
16.85	-1.12222	14.9531
16.86	-0.972693	15.1327
16.87	-0.821367	15.2883
16.88	-0.668484	15.4197
16.89	-0.514287	15.5267
16.9	-0.35902	15.6089
16.91	-0.202931	15.6664
16.92	-0.0462669	15.6989
16.93	0.110722	15.7063
16.94	0.267784	15.6885
16.95	0.42467	15.6457
16.96	0.581127	15.5778
16.97	0.736904	15.4848
16.98	0.891752	15.3669
16.99	1.04542	15.2242
17	1.19766	15.0569
17.01	1.34823	14.8653
17.02	1.49688	14.6496
17.03	1.64338	14.4101
17.04	1.78748	14.1471
17.05	1.92895	13.8611
17.06	2.06756	13.5525
17.07	2.20309	13.2217
17.08	2.33531	12.8692
17.09	2.464	12.4956
17.1	2.58895	12.1013
17.11	2.70997	11.6871
17.12	2.82684	11.2535
17.13	2.93937	10.8012
17.14	3.04738	10.3309
17.15	3.15069	9.84331
17.16	3.24913	9.3392
17.17	3.34252	8.81934
17.18	3.43071	8.28453
17.19	3.51356	7.73562
17.2	3.59091	7.17345
17.21	3.66265	6.59891
17.22	3.72864	6.01288
17.23	3.78877	5.4163
17.24	3.84293	4.8101
17.25	3.89103	4.19523
17.26	3.93298	3.57267
17.27	3.96871	2.94339
17.28	3.99814	2.30839
17.29	4.02123	1.66869
17.3	4.03791	1.0253
17.31	4.04817	0.37923
17.32	4.05196	-0.268477
17.33	4.04927	-0.91679
17.34	4.04011	-1.56467
17.35	4.02446	-2.21109
17.36	4.00235	-2.855
17.37	3.9738	-3.49538
17.38	3.93884	-4.13119
17.39	3.89753	-4.7614
17.4	3.84992	-5.38501
17.41	3.79607	-6.00099
17.42	3.73606	-6.60837
17.43	3.66997	-7.20613
17.44	3.59791	-7.79333
17.45	3.51998	-8.369
17.46	3.43629	-8.93219
17.47	3.34697	-9.482
17.48	3.25215	-10.0175
17.49	3.15197	-10.5379
17.5	3.04659	-11.0422
17.51	2.93617	-11.5296
17.52	2.82088	-11.9994
17.53	2.70088	-12.4508
17.54	2.57637	-12.8829
17.55	2.44755	-13.2951
17.56	2.31459	-13.6867
17.57	2.17773	-14.0571
17.58	2.03716	-14.4055
17.59	1.8931	-14.7314
17.6	1.74579	-15.0343
17.61	1.59544	-15.3137
17.62	1.44231	-15.5689
17.63	1.28662	-15.7997
17.64	1.12862	-16.0056
17.65	0.968565	-16.1861
17.66	0.806704	-16.3411
17.67	0.643292	-16.4702
17.68	0.478591	-16.5731
17.69	0.31286	-16.6497
17.7	0.146363	-16.6997
17.71	-0.0206348	-16.7232
17.72	-0.187866	-16.7199
17.73	-0.355065	-16.6898
17.74	-0.521963	-16.633
17.75	-0.688293	-16.5495
17.76	-0.853788	-16.4393
17.77	-1.01818	-16.3027
17.78	-1.18121	-16.1398
17.79	-1.34261	-15.9508
17.8	-1.50212	-15.736
17.81	-1.65948	-15.4957
17.82	-1.81443	-15.2302
17.83	-1.96673	-14.9399
17.84	-2.11613	-14.6252
17.85	-2.26238	-14.2866
17.86	-2.40525	-13.9246
17.87	-2.5445	-13.5398
17.88	-2.67989	-13.1327
17.89	-2.81122	-12.7039
17.9	-2.93826	-12.2541
17.91	-3.0608	-11.784
17.92	-3.17864	-11.2942
17.93	-3.29158	-10.7856
17.94	-3.39944	-10.259
17.95	-3.50203	-9.71509
17.96	-3.59918	-9.15476
17.97	-3.69073	-8.57889
17.98	-3.77652	-7.98838
17.99	-3.8564	-7.38413
18	-3.93024	-6.76711
18.01	-3.99791	-6.13827
18.02	-4.0593	-5.4986
18.03	-4.11428	-4.84912
18.04	-4.16277	-4.19083
18.05	-4.20468	-3.52479
18.06	-4.23993	-2.85204
18.07	-4.26845	-2.17365
18.08	-4.29019	-1.4907
18.09	-4.30509	-0.80427
18.1	-4.31314	-0.115455
18.11	-4.31429	0.574647
18.12	-4.30854	1.26493
18.13	-4.29589	1.9543
18.14	-4.27635	2.64164
18.15	-4.24993	3.32586
18.16	-4.21668	4.00585
18.17	-4.17662	4.68052
18.18	-4.12981	5.34878
18.19	-4.07632	6.00955
18.2	-4.01623	6.66176
18.21	-3.94961	7.30435
18.22	-3.87657	7.93629
18.23	-3.79721	8.55654
18.24	-3.71164	9.1641
18.25	-3.62	9.75796
18.26	-3.52242	10.3372
18.27	-3.41905	10.9007
18.28	-3.31004	11.4478
18.29	-3.19556	11.9774
18.3	-3.07579	12.4887
18.31	-2.9509	12.9808
18.32	-2.82109	13.453
18.33	-2.68656	13.9043
18.34	-2.54752	14.3342
18.35	-2.40418	14.7418
18.36	-2.25676	15.1265
18.37	-2.1055	15.4875
18.38	-1.95062	15.8244
18.39	-1.79238	16.1365
18.4	-1.63101	16.4233
18.41	-1.46678	16.6843
18.42	-1.29994	16.9189
18.43	-1.13075	17.1269
18.44	-0.959477	17.3079
18.45	-0.786398	17.4614
18.46	-0.611785	17.5872
18.47	-0.435913	17.6851
18.48	-0.259062	17.7548
18.49	-0.0815137	17.7963
18.5	0.096449	17.8093
18.51	0.274542	17.7939
18.52	0.452481	17.75
18.53	0.629981	17.6776
18.54	0.806756	17.5768
18.55	0.982524	17.4477
18.56	1.157	17.2905
18.57	1.32991	17.1054
18.58	1.50096	16.8926
18.59	1.66988	16.6524
18.6	1.83641	16.3852
18.61	2.00026	16.0914
18.62	2.16118	15.7714
18.63	2.31889	15.4256
18.64	2.47315	15.0546
18.65	2.62369	14.6589
18.66	2.77028	14.2391
18.67	2.91267	13.7958
18.68	3.05063	13.3298
18.69	3.18393	12.8417
18.7	3.31234	12.3323
18.71	3.43567	11.8023
18.72	3.55369	11.2526
18.73	3.66621	10.684
18.74	3.77305	10.0974
18.75	3.87403	9.49371
18.76	3.96897	8.87387
18.77	4.0577	8.23883
18.78	4.14009	7.5896
18.79	4.21599	6.92719
18.8	4.28526	6.25263
18.81	4.34779	5.56699
18.82	4.40346	4.87134
18.83	4.45217	4.16679
18.84	4.49384	3.45444
18.85	4.52838	2.73543
18.86	4.55574	2.01088
18.87	4.57585	1.28197
18.88	4.58867	0.549832
18.89	4.59416	-0.184355
18.9	4.59232	-0.919421
18.91	4.58313	-1.65419
18.92	4.56658	-2.38749
18.93	4.54271	-3.11815
18.94	4.51153	-3.84498
18.95	4.47308	-4.56682
18.96	4.42741	-5.28252
18.97	4.37458	-5.9909
18.98	4.31468	-6.69084
18.99	4.24777	-7.38118
19	4.17396	-8.06083
19.01	4.09335	-8.72866
19.02	4.00606	-9.38359
19.03	3.91222	-10.0246
19.04	3.81198	-10.6505
19.05	3.70547	-11.2604
19.06	3.59287	-11.8533
19.07	3.47434	-12.4282
19.08	3.35005	-12.9841
19.09	3.22021	-13.5201
19.1	3.08501	-14.0353
19.11	2.94466	-14.5289
19.12	2.79937	-15.0001
19.13	2.64937	-15.448
19.14	2.49489	-15.8719
19.15	2.33617	-16.271
19.16	2.17346	-16.6448
19.17	2.00701	-16.9926
19.18	1.83709	-17.3137
19.19	1.66395	-17.6076
19.2	1.48787	-17.8739
19.21	1.30914	-18.1119
19.22	1.12802	-18.3214
19.23	0.944803	-18.5019
19.24	0.759784	-18.653
19.25	0.573253	-18.7746
19.26	0.385507	-18.8663
19.27	0.196844	-18.928
19.28	0.00756414	-18.9595
19.29	-0.182031	-18.9607
19.3	-0.371638	-18.9316
19.31	-0.560954	-18.8721
19.32	-0.749675	-18.7824
19.33	-0.937499	-18.6624
19.34	-1.12412	-18.5124
19.35	-1.30925	-18.3326
19.36	-1.49257	-18.1231
19.37	-1.6738	-17.8843
19.38	-1.85265	-17.6165
19.39	-2.02881	-17.32
19.4	-2.20201	-16.9954
19.41	-2.37197	-16.6431
19.42	-2.5384	-16.2636
19.43	-2.70103	-15.8575
19.44	-2.85961	-15.4253
19.45	-3.01386	-14.9677
19.46	-3.16354	-14.4855
19.47	-3.30839	-13.9794
19.48	-3.44819	-13.45
19.49	-3.58269	-12.8983
19.5	-3.71167	-12.3251
19.51	-3.83492	-11.7312
19.52	-3.95223	-11.1176
19.53	-4.06341	-10.4853
19.54	-4.16826	-9.83513
19.55	-4.26661	-9.1682
19.56	-4.3583	-8.48555
19.57	-4.44315	-7.78822
19.58	-4.52103	-7.07731
19.59	-4.59181	-6.35395
19.6	-4.65535	-5.61926
19.61	-4.71154	-4.8744
19.62	-4.76028	-4.12056
19.63	-4.80149	-3.35891
19.64	-4.83508	-2.59067
19.65	-4.86098	-1.81706
19.66	-4.87915	-1.03931
19.67	-4.88955	-0.25864
19.68	-4.89213	0.523687
19.69	-4.8869	1.30643
19.7	-4.87383	2.08833
19.71	-4.85295	2.86815
19.72	-4.82427	3.64462
19.73	-4.78782	4.4165
19.74	-4.74366	5.18255
19.75	-4.69183	5.94154
19.76	-4.63242	6.69223
19.77	-4.56549	7.43342
19.78	-4.49116	8.1639
19.79	-4.40952	8.88248
19.8	-4.3207	9.588
19.81	-4.22482	10.2793
19.82	-4.12202	10.9553
19.83	-4.01247	11.6148
19.84	-3.89632	12.2568
19.85	-3.77375	12.8802
19.86	-3.64495	13.484
19.87	-3.51011	14.0672
19.88	-3.36944	14.6288
19.89	-3.22315	15.1679
19.9	-3.07147	15.6836
19.91	-2.91463	16.1751
19.92	-2.75288	16.6414
19.93	-2.58647	17.0819
19.94	-2.41565	17.4957
19.95	-2.24069	17.8822
19.96	-2.06187	18.2407
19.97	-1.87946	18.5706
19.98	-1.69376	18.8713
19.99	-1.50504	19.1423
