t 	 x 	 z
0	-1.31362	19.3832
0.01	-1.11979	20.4472
0.02	-0.915318	21.3542
0.03	-0.701776	22.0956
0.04	-0.48082	22.6641
0.05	-0.254179	23.0535
0.06	-0.0236438	23.2594
0.07	0.20895	23.2786
0.08	0.441736	23.1093
0.09	0.672829	22.7515
0.1	0.900344	22.2065
0.11	1.12241	21.4772
0.12	1.33718	20.5681
0.13	1.54286	19.485
0.14	1.73771	18.2352
0.15	1.92006	16.8277
0.16	2.08834	15.2724
0.17	2.24107	13.5809
0.18	2.37688	11.7656
0.19	2.49453	9.84036
0.2	2.59293	7.81979
0.21	2.67113	5.71951
0.22	2.72833	3.5559
0.23	2.76389	1.34595
0.24	2.77735	-0.892799
0.25	2.76842	-3.14245
0.26	2.73699	-5.38487
0.27	2.68315	-7.60183
0.28	2.60713	-9.77518
0.29	2.50938	-11.887
0.3	2.39051	-13.9195
0.31	2.25131	-15.8559
0.32	2.09275	-17.6794
0.33	1.91596	-19.3745
0.34	1.72221	-20.9265
0.35	1.51295	-22.3215
0.36	1.28973	-23.547
0.37	1.05426	-24.5916
0.38	0.808347	-25.4456
0.39	0.553891	-26.1003
0.4	0.292887	-26.549
0.41	0.0273973	-26.7862
0.42	-0.240465	-26.8084
0.43	-0.508549	-26.6137
0.44	-0.774686	-26.2017
0.45	-1.0367	-25.5742
0.46	-1.29245	-24.7345
0.47	-1.53979	-23.6876
0.48	-1.77667	-22.4404
0.49	-2.00107	-21.0013
0.5	-2.21108	-19.3804
0.51	-2.40489	-17.5894
0.52	-2.58078	-15.6415
0.53	-2.7372	-13.5511
0.54	-2.87271	-11.3339
0.55	-2.98605	-9.00703
0.56	-3.07612	-6.58833
0.57	-3.142	-4.09668
0.58	-3.18297	-1.55166
0.59	-3.19848	1.02655
0.6	-3.18822	3.61732
0.61	-3.15205	6.19978
0.62	-3.09005	8.75293
0.63	-3.00252	11.2559
0.64	-2.88996	13.6879
0.65	-2.75308	16.0288
0.66	-2.59279	18.2588
0.67	-2.4102	20.3589
0.68	-2.20662	22.3112
0.69	-1.9835	24.0986
0.7	-1.74252	25.7052
0.71	-1.48547	27.1166
0.72	-1.2143	28.3199
0.73	-0.931101	29.3034
0.74	-0.638067	30.0576
0.75	-0.33749	30.5745
0.76	-0.0317454	30.8478
0.77	0.276733	30.8736
0.78	0.585469	30.6494
0.79	0.891963	30.1752
0.8	1.19371	29.4527
0.81	1.48824	28.4858
0.82	1.7731	27.2803
0.83	2.0459	25.8441
0.84	2.30434	24.1869
0.85	2.54621	22.3204
0.86	2.76942	20.258
0.87	2.972	18.0147
0.88	3.15214	15.6074
0.89	3.30822	13.0542
0.9	3.43876	10.3745
0.91	3.5425	7.58913
0.92	3.61839	4.7197
0.93	3.66559	1.7888
0.94	3.68348	-1.18033
0.95	3.67168	-4.16395
0.96	3.63004	-7.138
0.97	3.55866	-10.0783
0.98	3.45787	-12.9608
0.99	3.32827	-15.7617
1	3.17065	-18.4576
1.01	2.98607	-21.0258
1.02	2.77581	-23.4446
1.03	2.54137	-25.693
1.04	2.28444	-27.7515
1.05	2.00692	-29.6019
1.06	1.7109	-31.2275
1.07	1.39863	-32.6133
1.08	1.0725	-33.7462
1.09	0.735035	-34.6149
1.1	0.388885	-35.2103
1.11	0.0367822	-35.5253
1.12	-0.318471	-35.5551
1.13	-0.674022	-35.2971
1.14	-1.02699	-34.7512
1.15	-1.3745	-33.9193
1.16	-1.7137	-32.806
1.17	-2.04176	-31.4179
1.18	-2.35594	-29.764
1.19	-2.65358	-27.8557
1.2	-2.93213	-25.7063
1.21	-3.1892	-23.3313
1.22	-3.42251	-20.7481
1.23	-3.62999	-17.9758
1.24	-3.80975	-15.0355
1.25	-3.9601	-11.9496
1.26	-4.0796	-8.74195
1.27	-4.16702	-5.43748
1.28	-4.2214	-2.06219
1.29	-4.24202	1.35714
1.3	-4.22845	4.79318
1.31	-4.18051	8.21822
1.32	-4.09833	11.6044
1.33	-3.98229	14.9241
1.34	-3.83305	18.1497
1.35	-3.65155	21.2545
1.36	-3.439	24.2123
1.37	-3.19688	26.9979
1.38	-2.9269	29.5873
1.39	-2.63103	31.9581
1.4	-2.31145	34.0893
1.41	-1.97056	35.9615
1.42	-1.61094	37.5577
1.43	-1.23536	38.8625
1.44	-0.846739	39.8632
1.45	-0.448107	40.549
1.46	-0.0426167	40.912
1.47	0.366503	40.9465
1.48	0.775969	40.6497
1.49	1.18247	40.0211
1.5	1.58268	39.0633
1.51	1.97331	37.7814
1.52	2.35112	36.183
1.53	2.71295	34.2786
1.54	3.05574	32.0811
1.55	3.37655	29.6059
1.56	3.67261	26.8709
1.57	3.94132	23.8961
1.58	4.18028	20.7036
1.59	4.38732	17.3176
1.6	4.56049	13.7639
1.61	4.69813	10.0699
1.62	4.79883	6.26441
1.63	4.86147	2.37735
1.64	4.88525	-1.56044
1.65	4.86964	-5.51749
1.66	4.81447	-9.4619
1.67	4.71985	-13.3616
1.68	4.58623	-17.1847
1.69	4.41439	-20.8995
1.7	4.20539	-24.4752
1.71	3.96064	-27.8816
1.72	3.68182	-31.0897
1.73	3.37093	-34.072
1.74	3.03021	-36.8024
1.75	2.66218	-39.2569
1.76	2.26961	-41.4132
1.77	1.85548	-43.2516
1.78	1.42296	-44.7546
1.79	0.975419	-45.9072
1.8	0.516347	-46.6973
1.81	0.0493747	-47.1155
1.82	-0.42178	-47.1555
1.83	-0.893335	-46.8139
1.84	-1.36147	-46.0903
1.85	-1.82238	-44.9875
1.86	-2.27225	-43.5113
1.87	-2.70736	-41.6708
1.88	-3.12407	-39.4778
1.89	-3.51885	-36.9473
1.9	-3.88832	-34.0971
1.91	-4.2293	-30.9475
1.92	-4.53877	-27.5218
1.93	-4.81399	-23.8454
1.94	-5.05244	-19.9461
1.95	-5.2519	-15.8536
1.96	-5.41044	-11.5996
1.97	-5.52643	-7.2171
1.98	-5.59861	-2.74068
1.99	-5.62601	1.79419
2	-5.60807	6.35126
2.01	-5.54456	10.8938
2.02	-5.43562	15.3849
2.03	-5.28177	19.7877
2.04	-5.08389	24.066
2.05	-4.84323	28.1839
2.06	-4.5614	32.1069
2.07	-4.24033	35.8017
2.08	-3.88231	39.2363
2.09	-3.48995	42.381
2.1	-3.06614	45.2079
2.11	-2.61406	47.6914
2.12	-2.13714	49.8088
2.13	-1.63905	51.5399
2.14	-1.12365	52.8675
2.15	-0.594979	53.7777
2.16	-0.0572024	54.2596
2.17	0.485394	54.306
2.18	1.02845	53.9128
2.19	1.56758	53.0798
2.2	2.09838	51.81
2.21	2.61648	50.1103
2.22	3.11758	47.991
2.23	3.59749	45.4657
2.24	4.05215	42.5518
2.25	4.47767	39.2695
2.26	4.87036	35.6426
2.27	5.22679	31.6976
2.28	5.54376	27.4639
2.29	5.8184	22.9735
2.3	6.04814	18.2606
2.31	6.23074	13.3616
2.32	6.36436	8.31467
2.33	6.44751	3.15954
2.34	6.4791	-2.06294
2.35	6.45847	-7.31102
2.36	6.38536	-12.5424
2.37	6.25994	-17.7145
2.38	6.08279	-22.7851
2.39	5.85494	-27.7121
2.4	5.57782	-32.4546
2.41	5.25328	-36.9727
2.42	4.88355	-41.2278
2.43	4.47127	-45.1835
2.44	4.01944	-48.8052
2.45	3.53138	-52.061
2.46	3.01077	-54.9214
2.47	2.46156	-57.3601
2.48	1.88796	-59.354
2.49	1.29442	-60.8832
2.5	0.685586	-61.9317
2.51	0.0662688	-62.487
2.52	-0.558602	-62.5407
2.53	-1.18401	-62.0882
2.54	-1.80489	-61.1292
2.55	-2.41618	-59.6672
2.56	-3.01286	-57.7101
2.57	-3.58996	-55.2697
2.58	-4.14265	-52.3618
2.59	-4.66627	-49.0063
2.6	-5.15634	-45.2266
2.61	-5.6086	-41.05
2.62	-6.0191	-36.507
2.63	-6.38417	-31.6315
2.64	-6.70049	-26.4604
2.65	-6.96509	-21.033
2.66	-7.17542	-15.3913
2.67	-7.32933	-9.57916
2.68	-7.42512	-3.6424
2.69	-7.46155	2.37195
2.7	-7.43783	8.4158
2.71	-7.35367	14.4404
2.72	-7.20927	20.3969
2.73	-7.0053	26.2364
2.74	-6.74293	31.9107
2.75	-6.42383	37.3725
2.76	-6.0501	42.5758
2.77	-5.62434	47.4764
2.78	-5.14958	52.0321
2.79	-4.62926	56.2032
2.8	-4.06723	59.9529
2.81	-3.4677	63.2474
2.82	-2.83522	66.0562
2.83	-2.17466	68.3528
2.84	-1.49113	70.1142
2.85	-0.78999	71.3221
2.86	-0.0767694	71.9619
2.87	0.64285	72.0241
2.88	1.36309	71.5034
2.89	2.07813	70.3993
2.9	2.78212	68.716
2.91	3.46928	66.4625
2.92	4.1339	63.6524
2.93	4.77043	60.3039
2.94	5.37347	56.4399
2.95	5.93787	52.0874
2.96	6.45874	47.2777
2.97	6.93152	42.0461
2.98	7.35198	36.4316
2.99	7.7163	30.4765
3	8.02106	24.2263
3.01	8.26332	17.7292
3.02	8.44062	11.036
3.03	8.55098	4.19905
3.04	8.59297	-2.72724
3.05	8.56569	-9.68754
3.06	8.46882	-16.6258
3.07	8.30256	-23.4855
3.08	8.06771	-30.2106
3.09	7.7656	-36.7454
3.1	7.39815	-43.0355
3.11	6.96779	-49.028
3.12	6.47751	-54.672
3.13	5.93079	-59.9187
3.14	5.3316	-64.7227
3.15	4.68438	-69.0413
3.16	3.99396	-72.8356
3.17	3.26561	-76.0707
3.18	2.5049	-78.7159
3.19	1.71774	-80.7448
3.2	0.910293	-82.1362
3.21	0.0889307	-82.8736
3.22	-0.739805	-82.9456
3.23	-1.56926	-82.3463
3.24	-2.39272	-81.0752
3.25	-3.20348	-79.1371
3.26	-3.99485	-76.5423
3.27	-4.76027	-73.3065
3.28	-5.49334	-69.4507
3.29	-6.18784	-65.0011
3.3	-6.83785	-59.9889
3.31	-7.43774	-54.4503
3.32	-7.98225	-48.4257
3.33	-8.4665	-41.9601
3.34	-8.8861	-35.1022
3.35	-9.23712	-27.9045
3.36	-9.51617	-20.4224
3.37	-9.72039	-12.7143
3.38	-9.84754	-4.84077
3.39	-9.89594	3.13573
3.4	-9.86459	11.1514
3.41	-9.75307	19.1418
3.42	-9.56165	27.0418
3.43	-9.29124	34.7867
3.44	-8.94337	42.3126
3.45	-8.52024	49.5567
3.46	-8.02468	56.4581
3.47	-7.4601	62.9581
3.48	-6.83051	69.0008
3.49	-6.14051	74.5335
3.5	-5.39517	79.5073
3.51	-4.6001	83.8774
3.52	-3.76132	87.6035
3.53	-2.88529	90.6502
3.54	-1.97879	92.9872
3.55	-1.04892	94.5901
3.56	-0.103015	95.4397
3.57	0.851382	95.5231
3.58	1.80661	94.8335
3.59	2.75495	93.3701
3.6	3.68865	91.1386
3.61	4.60004	88.1508
3.62	5.48154	84.4248
3.63	6.32579	79.9848
3.64	7.12564	74.8609
3.65	7.87425	69.0891
3.66	8.56514	62.711
3.67	9.19225	55.7732
3.68	9.74998	48.3275
3.69	10.2333	40.43
3.7	10.6376	32.141
3.71	10.959	23.5246
3.72	11.1942	14.6479
3.73	11.3407	5.58055
3.74	11.3965	-3.60541
3.75	11.3604	-12.8366
3.76	11.2321	-22.0385
3.77	11.0117	-31.1365
3.78	10.7003	-40.056
3.79	10.2998	-48.7232
3.8	9.81253	-57.0661
3.81	9.24187	-65.0142
3.82	8.59173	-72.5001
3.83	7.86673	-79.4594
3.84	7.07214	-85.8315
3.85	6.21382	-91.5599
3.86	5.29822	-96.5931
3.87	4.33229	-100.885
3.88	3.32344	-104.394
3.89	2.27951	-107.086
3.9	1.20865	-108.932
3.91	0.119326	-109.911
3.92	-0.979786	-110.008
3.93	-2.07986	-109.214
3.94	-3.17201	-107.53
3.95	-4.2473	-104.96
3.96	-5.2969	-101.52
3.97	-6.3121	-97.2294
3.98	-7.2844	-92.1166
3.99	-8.20556	-86.2162
4	-9.06773	-79.5697
4.01	-9.86342	-72.2249
4.02	-10.5857	-64.2355
4.03	-11.228	-55.6611
4.04	-11.7846	-46.5664
4.05	-12.2503	-37.0209
4.06	-12.6205	-27.0981
4.07	-12.8915	-16.8755
4.08	-13.0602	-6.43338
4.09	-13.1246	4.14542
4.1	-13.0831	14.7763
4.11	-12.9354	25.3737
4.12	-12.6816	35.8513
4.13	-12.3231	46.1234
4.14	-11.8619	56.1051
4.15	-11.3008	65.7133
4.16	-10.6437	74.8669
4.17	-9.89503	83.4883
4.18	-9.06014	91.5033
4.19	-8.14511	98.842
4.2	-7.15669	105.44
4.21	-6.10229	111.236
4.22	-4.98993	116.179
4.23	-3.82814	120.221
4.24	-2.62592	123.322
4.25	-1.3927	125.449
4.26	-0.138215	126.577
4.27	1.12756	126.689
4.28	2.39445	125.776
4.29	3.6522	123.836
4.3	4.89056	120.878
4.31	6.09934	116.917
4.32	7.26851	111.976
4.33	8.38827	106.089
4.34	9.44916	99.2941
4.35	10.4421	91.6403
4.36	11.3585	83.1822
4.37	12.1903	73.9818
4.38	12.9301	64.1076
4.39	13.5712	53.6342
4.4	14.1076	42.6415
4.41	14.534	31.2144
4.42	14.8461	19.4419
4.43	15.0405	7.41654
4.44	15.1147	-4.76629
4.45	15.067	-17.0092
4.46	14.8969	-29.2135
4.47	14.6048	-41.28
4.48	14.192	-53.1099
4.49	13.6609	-64.6055
4.5	13.0149	-75.6708
4.51	12.2581	-86.2128
4.52	11.396	-96.1419
4.53	10.4346	-105.373
4.54	9.38087	-113.825
4.55	8.24263	-121.423
4.56	7.02839	-128.1
4.57	5.7474	-133.793
4.58	4.40947	-138.448
4.59	3.02499	-142.02
4.6	1.60479	-144.47
4.61	0.160089	-145.77
4.62	-1.29761	-145.9
4.63	-2.75661	-144.849
4.64	-4.20509	-142.616
4.65	-5.63125	-139.21
4.66	-7.02335	-134.648
4.67	-8.36983	-128.959
4.68	-9.65942	-122.18
4.69	-10.8812	-114.356
4.7	-12.0248	-105.542
4.71	-13.0802	-95.8018
4.72	-14.0382	-85.2069
4.73	-14.8903	-73.8359
4.74	-15.6286	-61.7748
4.75	-16.2464	-49.1156
4.76	-16.7375	-35.956
4.77	-17.0971	-22.3986
4.78	-17.3211	-8.54993
4.79	-17.4066	5.48015
4.8	-17.3518	19.5795
4.81	-17.156	33.6344
4.82	-16.8196	47.5308
4.83	-16.3443	61.1547
4.84	-15.7328	74.3936
4.85	-14.9889	87.1372
4.86	-14.1175	99.2782
4.87	-13.1247	110.713
4.88	-12.0176	121.344
4.89	-10.8041	131.079
4.9	-9.49334	139.83
4.91	-8.09504	147.52
4.92	-6.61985	154.077
4.93	-5.07908	159.439
4.94	-3.4847	163.553
4.95	-1.84917	166.375
4.96	-0.185418	167.873
4.97	1.49331	168.023
4.98	3.17355	166.814
4.99	4.84168	164.243
5	6.48411	160.321
5.01	8.08733	155.069
5.02	9.63802	148.518
5.03	11.1232	140.712
5.04	12.5303	131.702
5.05	13.8473	121.552
5.06	15.0629	110.336
5.07	16.1662	98.1351
5.08	17.1476	85.0404
5.09	17.998	71.1509
5.1	18.7095	56.5725
5.11	19.2752	41.4178
5.12	19.6894	25.8049
5.13	19.9474	9.85652
5.14	20.046	-6.30091
5.15	19.983	-22.5382
5.16	19.7576	-38.7244
5.17	19.3704	-54.7281
5.18	18.8231	-70.4181
5.19	18.1189	-85.6648
5.2	17.2623	-100.341
5.21	16.2588	-114.324
5.22	15.1156	-127.493
5.23	13.8407	-139.737
5.24	12.4433	-150.948
5.25	10.9338	-161.027
5.26	9.32357	-169.883
5.27	7.62474	-177.435
5.28	5.85038	-183.611
5.29	4.01427	-188.35
5.3	2.13077	-191.602
5.31	0.214748	-193.328
5.32	-1.71853	-193.502
5.33	-3.65355	-192.11
5.34	-5.57464	-189.15
5.35	-7.46614	-184.635
5.36	-9.31249	-178.587
5.37	-11.0984	-171.044
5.38	-12.8088	-162.054
5.39	-14.4293	-151.679
5.4	-15.9461	-139.992
5.41	-17.3461	-127.075
5.42	-18.6168	-113.025
5.43	-19.7471	-97.9452
5.44	-20.7265	-81.9501
5.45	-21.546	-65.1616
5.46	-22.1976	-47.7094
5.47	-22.6747	-29.7293
5.48	-22.972	-11.3628
5.49	-23.0856	7.24457
5.5	-23.0132	25.9439
5.51	-22.7538	44.5846
5.52	-22.3079	63.0152
5.53	-21.6778	81.0846
5.54	-20.8669	98.6436
5.55	-19.8805	115.546
5.56	-18.725	131.649
5.57	-17.4085	146.816
5.58	-15.9404	160.917
5.59	-14.3312	173.829
5.6	-12.5929	185.437
5.61	-10.7385	195.637
5.62	-8.78216	204.336
5.63	-6.73881	211.449
5.64	-4.62432	216.908
5.65	-2.45524	220.653
5.66	-0.248709	222.642
5.67	1.97771	222.843
5.68	4.20614	221.241
5.69	6.41856	217.835
5.7	8.5969	212.635
5.71	10.7233	205.672
5.72	12.78	196.986
5.73	14.7498	186.634
5.74	16.6162	174.687
5.75	18.3631	161.228
5.76	19.9753	146.354
5.77	21.4389	130.174
5.78	22.7406	112.808
5.79	23.8687	94.3884
5.8	24.8126	75.0548
5.81	25.5631	54.9566
5.82	26.1127	34.2505
5.83	26.4552	13.0992
5.84	26.5862	-8.32953
5.85	26.5029	-29.8643
5.86	26.2042	-51.3317
5.87	25.6909	-72.5571
5.88	24.9654	-93.3668
5.89	24.0317	-113.589
5.9	22.8958	-133.054
5.91	21.5653	-151.6
5.92	20.0493	-169.068
5.93	18.3586	-185.308
5.94	16.5055	-200.178
5.95	14.5037	-213.548
5.96	12.3682	-225.296
5.97	10.1153	-235.314
5.98	7.76215	-243.507
5.99	5.32708	-249.795
6	2.82913	-254.11
6.01	0.288033	-256.401
6.02	-2.27598	-256.635
6.03	-4.84232	-254.791
6.04	-7.39023	-250.869
6.05	-9.89892	-244.883
6.06	-12.3477	-236.864
6.07	-14.7164	-226.863
6.08	-16.985	-214.943
6.09	-19.1344	-201.185
6.1	-21.1463	-185.686
6.11	-23.0031	-168.557
6.12	-24.6887	-149.925
6.13	-26.188	-129.927
6.14	-27.4872	-108.715
6.15	-28.5744	-86.4499
6.16	-29.4389	-63.3047
6.17	-30.0719	-39.4592
6.18	-30.4665	-15.1009
6.19	-30.6175	9.57696
6.2	-30.5218	34.3772
6.21	-30.178	59.0998
6.22	-29.587	83.544
6.23	-28.7516	107.509
6.24	-27.6765	130.798
6.25	-26.3685	153.216
6.26	-24.8363	174.575
6.27	-23.0906	194.692
6.28	-21.1436	213.395
6.29	-19.0097	230.522
6.3	-16.7045	245.92
6.31	-14.2453	259.45
6.32	-11.6508	270.989
6.33	-8.94089	280.426
6.34	-6.13663	287.668
6.35	-3.25995	292.639
6.36	-0.333563	295.279
6.37	2.61923	295.55
6.38	5.57473	293.428
6.39	8.50901	288.912
6.4	11.3981	282.02
6.41	14.2183	272.788
6.42	16.9462	261.271
6.43	19.5589	247.544
6.44	22.0344	231.702
6.45	24.3514	213.854
6.46	26.4899	194.129
6.47	28.4312	172.672
6.48	30.1579	149.643
6.49	31.6544	125.215
6.5	32.9065	99.5751
6.51	33.9023	72.9209
6.52	34.6315	45.46
6.53	35.0861	17.4085
6.54	35.2602	-11.0112
6.55	35.15	-39.5719
6.56	34.7543	-68.0434
6.57	34.0739	-96.1945
6.58	33.1119	-123.794
6.59	31.874	-150.615
6.6	30.3679	-176.433
6.61	28.6035	-201.031
6.62	26.5932	-224.2
6.63	24.3512	-245.74
6.64	21.8938	-265.465
6.65	19.2392	-283.199
6.66	16.4072	-298.782
6.67	13.4194	-312.072
6.68	10.2986	-322.942
6.69	7.06922	-331.284
6.7	3.75638	-337.01
6.71	0.386278	-340.053
6.72	-3.01425	-340.365
6.73	-6.4179	-337.924
6.74	-9.79714	-332.725
6.75	-13.1244	-324.79
6.76	-16.3723	-314.159
6.77	-19.5139	-300.897
6.78	-22.5229	-285.091
6.79	-25.3738	-266.848
6.8	-28.0422	-246.295
6.81	-30.5052	-223.581
6.82	-32.741	-198.871
6.83	-34.7297	-172.351
6.84	-36.4532	-144.22
6.85	-37.8954	-114.693
6.86	-39.0424	-83.9978
6.87	-39.8823	-52.3735
6.88	-40.4061	-20.0688
6.89	-40.6068	12.6601
6.9	-40.4802	45.5516
6.91	-40.0246	78.3406
6.92	-39.2412	110.761
6.93	-38.1336	142.546
6.94	-36.7082	173.434
6.95	-34.9738	203.168
6.96	-32.9422	231.497
6.97	-30.6272	258.18
6.98	-28.0454	282.988
6.99	-25.2155	305.705
7	-22.1585	326.129
7.01	-18.8972	344.077
7.02	-15.4564	359.384
7.03	-11.8626	371.904
7.04	-8.14352	381.513
7.05	-4.3284	388.109
7.06	-0.447311	391.615
7.07	3.46884	391.977
7.08	7.38861	389.167
7.09	11.2803	383.183
7.1	15.1121	374.046
7.11	18.8526	361.805
7.12	22.4706	346.534
7.13	25.936	328.333
7.14	29.2193	307.325
7.15	32.2925	283.657
7.16	35.1291	257.5
7.17	37.7041	229.046
7.18	39.9946	198.505
7.19	41.9796	166.11
7.2	43.6407	132.106
7.21	44.9618	96.7573
7.22	45.9294	60.3383
7.23	46.5327	23.1355
7.24	46.7641	-14.556
7.25	46.6185	-52.4349
7.26	46.0942	-90.1959
7.27	45.1922	-127.532
7.28	43.9169	-164.138
7.29	42.2755	-199.711
7.3	40.2784	-233.954
7.31	37.9389	-266.579
7.32	35.2731	-297.31
7.33	32.3	-325.881
7.34	29.0412	-352.044
7.35	25.5207	-375.567
7.36	21.7651	-396.239
7.37	17.8027	-413.869
7.38	13.664	-428.289
7.39	9.38109	-439.357
7.4	4.98753	-446.955
7.41	0.517971	-450.995
7.42	-3.99198	-451.415
7.43	-8.50613	-448.181
7.44	-12.9879	-441.291
7.45	-17.4009	-430.771
7.46	-21.7086	-416.677
7.47	-25.8753	-399.093
7.48	-29.8663	-378.134
7.49	-33.6476	-353.942
7.5	-37.187	-326.687
7.51	-40.4539	-296.566
7.52	-43.4196	-263.798
7.53	-46.0575	-228.628
7.54	-48.3438	-191.322
7.55	-50.257	-152.163
7.56	-51.7787	-111.455
7.57	-52.8932	-69.5143
7.58	-53.5884	-26.6708
7.59	-53.8551	16.7357
7.6	-53.6877	60.3583
7.61	-53.0841	103.845
7.62	-52.0457	146.844
7.63	-50.5772	189.001
7.64	-48.6872	229.968
7.65	-46.3876	269.405
7.66	-43.6935	306.979
7.67	-40.6237	342.37
7.68	-37.2	375.276
7.69	-33.4473	405.408
7.7	-29.3932	432.5
7.71	-25.0682	456.308
7.72	-20.5051	476.614
7.73	-15.739	493.223
7.74	-10.8067	505.971
7.75	-5.74702	514.725
7.76	-0.599775	519.38
7.77	4.59402	519.866
7.78	9.79268	516.145
7.79	14.9541	508.212
7.8	20.0362	496.1
7.81	24.9972	479.87
7.82	29.7959	459.622
7.83	34.3922	435.488
7.84	38.747	407.63
7.85	42.8234	376.245
7.86	46.5858	341.558
7.87	50.0014	303.824
7.88	53.0396	263.322
7.89	55.6728	220.36
7.9	57.8764	175.265
7.91	59.6291	128.385
7.92	60.913	80.0859
7.93	61.7138	30.7464
7.94	62.0213	-19.2418
7.95	61.8289	-69.479
7.96	61.1341	-119.56
7.97	59.9385	-169.079
7.98	58.2477	-217.629
7.99	56.0714	-264.81
8	53.4233	-310.228
8.01	50.321	-353.5
8.02	46.786	-394.26
8.03	42.8434	-432.157
8.04	38.5218	-466.86
8.05	33.8532	-498.063
8.06	28.8726	-525.484
8.07	23.6178	-548.871
8.08	18.129	-568.001
8.09	12.449	-582.686
8.1	6.62217	-592.77
8.11	0.694478	-598.133
8.12	-5.28686	-598.696
8.13	-11.2738	-594.414
8.14	-17.218	-585.282
8.15	-23.0708	-571.335
8.16	-28.7841	-552.648
8.17	-34.3106	-529.333
8.18	-39.6039	-501.541
8.19	-44.6193	-469.462
8.2	-49.314	-433.32
8.21	-53.6472	-393.376
8.22	-57.5809	-349.922
8.23	-61.0801	-303.281
8.24	-64.113	-253.806
8.25	-66.651	-201.875
8.26	-68.6698	-147.888
8.27	-70.1487	-92.2651
8.28	-71.0713	-35.4446
8.29	-71.4257	22.1231
8.3	-71.2045	79.978
8.31	-70.4047	137.654
8.32	-69.0282	194.681
8.33	-67.0814	250.594
8.34	-64.5754	304.93
8.35	-61.5261	357.236
8.36	-57.9538	407.073
8.37	-53.8831	454.015
8.38	-49.3429	497.66
8.39	-44.3663	537.628
8.4	-38.99	573.565
8.41	-33.2544	605.147
8.42	-27.2029	632.083
8.43	-20.8821	654.117
8.44	-14.3409	671.032
8.45	-7.63059	682.648
8.46	-0.804111	688.828
8.47	6.08417	689.48
8.48	12.979	684.552
8.49	19.8245	674.039
8.5	26.5649	657.981
8.51	33.1447	636.463
8.52	39.5093	609.616
8.53	45.6055	577.614
8.54	51.3816	540.673
8.55	56.7883	499.054
8.56	61.7789	453.055
8.57	66.3094	403.015
8.58	70.3396	349.304
8.59	73.8326	292.329
8.6	76.7559	232.524
8.61	79.0812	170.352
8.62	80.7847	106.296
8.63	81.8476	40.8608
8.64	82.2562	-25.4358
8.65	82.0019	-92.0633
8.66	81.0813	-158.485
8.67	79.4964	-224.161
8.68	77.2548	-288.553
8.69	74.3693	-351.129
8.7	70.858	-411.368
8.71	66.7443	-468.763
8.72	62.0567	-522.826
8.73	56.8284	-573.092
8.74	51.0975	-619.123
8.75	44.9063	-660.512
8.76	38.3011	-696.886
8.77	31.3323	-727.91
8.78	24.0532	-753.289
8.79	16.5203	-772.772
8.8	8.79256	-786.154
8.81	0.931024	-793.276
8.82	-7.00173	-794.03
8.83	-14.942	-788.358
8.84	-22.8256	-776.255
8.85	-30.5882	-757.767
8.86	-38.1658	-732.99
8.87	-45.4957	-702.076
8.88	-52.5165	-665.224
8.89	-59.1687	-622.686
8.9	-65.3956	-574.759
8.91	-71.1432	-521.789
8.92	-76.3611	-464.163
8.93	-81.0027	-402.31
8.94	-85.0258	-336.698
8.95	-88.3928	-267.827
8.96	-91.0711	-196.229
8.97	-93.0333	-122.462
8.98	-94.258	-47.1045
8.99	-94.729	29.2444
9	-94.4366	105.975
9.01	-93.3768	182.469
9.02	-91.5521	258.104
9.03	-88.9711	332.261
9.04	-85.6485	404.328
9.05	-81.6052	473.703
9.06	-76.8682	539.803
9.07	-71.4702	602.066
9.08	-65.4495	659.957
9.09	-58.8499	712.971
9.1	-51.7202	760.64
9.11	-44.1138	802.533
9.12	-36.0885	838.265
9.13	-27.7058	867.497
9.14	-19.0309	889.939
9.15	-10.1315	905.354
9.16	-1.07794	913.56
9.17	8.05766	914.433
9.18	17.202	907.906
9.19	26.2811	893.973
9.2	35.2208	872.685
9.21	43.9476	844.156
9.22	52.3892	808.559
9.23	60.4748	766.124
9.24	68.136	717.139
9.25	75.3074	661.949
9.26	81.9269	600.95
9.27	87.9364	534.589
9.28	93.2823	463.36
9.29	97.9159	387.802
9.3	101.794	308.49
9.31	104.879	226.037
9.32	107.139	141.085
9.33	108.55	54.3023
9.34	109.093	-33.6232
9.35	108.757	-121.989
9.36	107.537	-210.082
9.37	105.436	-297.187
9.38	102.464	-382.59
9.39	98.6384	-465.586
9.4	93.9825	-545.483
9.41	88.5277	-621.609
9.42	82.3116	-693.316
9.43	75.3784	-759.989
9.44	67.7785	-821.045
9.45	59.5681	-875.946
9.46	50.8086	-924.196
9.47	41.5667	-965.351
9.48	31.9132	-999.02
9.49	21.923	-1024.87
9.5	11.6743	-1042.63
9.51	1.248	-1052.08
9.52	-9.27284	-1053.09
9.53	-19.8038	-1045.58
9.54	-30.2596	-1029.54
9.55	-40.555	-1005.03
9.56	-50.6053	-972.182
9.57	-60.3272	-931.192
9.58	-69.6391	-882.327
9.59	-78.4624	-825.919
9.6	-86.7215	-762.365
9.61	-94.3452	-692.12
9.62	-101.266	-615.701
9.63	-107.423	-533.675
9.64	-112.76	-446.662
9.65	-117.227	-355.326
9.66	-120.78	-260.372
9.67	-123.384	-162.541
9.68	-125.009	-62.5998
9.69	-125.635	38.6576
9.7	-125.249	140.422
9.71	-123.844	241.873
9.72	-121.426	342.187
9.73	-118.004	440.542
9.74	-113.598	536.125
9.75	-108.237	628.14
9.76	-101.956	715.812
9.77	-94.7976	798.396
9.78	-86.8136	875.182
9.79	-78.0618	945.501
9.8	-68.6068	1008.73
9.81	-58.5195	1064.3
9.82	-47.8764	1111.7
9.83	-36.7594	1150.48
9.84	-25.2546	1180.26
9.85	-13.452	1200.71
9.86	-1.44485	1211.61
9.87	10.6713	1212.78
9.88	22.7991	1204.14
9.89	34.8404	1185.67
9.9	46.6971	1157.45
9.91	58.2716	1119.62
9.92	69.4679	1072.42
9.93	80.1921	1016.16
9.94	90.3537	951.2
9.95	99.8657	878.013
9.96	108.646	797.122
9.97	116.617	709.119
9.98	123.708	614.659
9.99	129.855	514.456
10	134.999	409.273
10.01	139.092	299.924
10.02	142.091	187.259
10.03	143.964	72.1652
10.04	144.686	-44.4456
10.05	144.241	-161.641
10.06	142.625	-278.476
10.07	139.84	-394.002
10.08	135.9	-507.273
10.09	130.827	-617.352
10.1	124.654	-723.322
10.11	117.42	-824.291
10.12	109.178	-919.402
10.13	99.9836	-1007.84
10.14	89.9052	-1088.82
10.15	79.017	-1161.65
10.16	67.4005	-1225.65
10.17	55.144	-1280.24
10.18	42.3416	-1324.91
10.19	29.0925	-1359.21
10.2	15.5004	-1382.77
10.21	1.6727	-1395.33
10.22	-12.2806	-1396.68
10.23	-26.2474	-1386.73
10.24	-40.1147	-1365.47
10.25	-53.7695	-1332.98
10.26	-67.0993	-1289.43
10.27	-79.9936	-1235.08
10.28	-92.3444	-1170.28
10.29	-104.047	-1095.48
10.3	-115.002	-1011.21
10.31	-125.114	-918.054
10.32	-134.295	-816.712
10.33	-142.462	-707.933
10.34	-149.541	-592.539
10.35	-155.466	-471.411
10.36	-160.181	-345.483
10.37	-163.635	-215.737
10.38	-165.793	-83.192
10.39	-166.625	51.1001
10.4	-166.114	186.066
10.41	-164.253	320.618
10.42	-161.047	453.663
10.43	-156.51	584.111
10.44	-150.669	710.884
10.45	-143.56	832.926
10.46	-135.231	949.21
10.47	-125.739	1058.75
10.48	-115.151	1160.6
10.49	-103.545	1253.87
10.5	-91.0068	1337.74
10.51	-77.6294	1411.46
10.52	-63.5148	1474.34
10.53	-48.7715	1525.78
10.54	-33.5136	1565.29
10.55	-17.8608	1592.43
10.56	-1.93643	1606.9
10.57	14.1326	1608.47
10.58	30.2173	1597.02
10.59	46.1875	1572.55
10.6	61.913	1535.13
10.61	77.2643	1484.98
10.62	92.1141	1422.4
10.63	106.338	1347.79
10.64	119.816	1261.65
10.65	132.433	1164.6
10.66	144.079	1057.33
10.67	154.652	940.629
10.68	164.058	815.361
10.69	172.212	682.474
10.7	179.037	542.982
10.71	184.466	397.963
10.72	188.446	248.545
10.73	190.931	95.9037
10.74	191.891	-58.7508
10.75	191.303	-214.182
10.76	189.161	-369.138
10.77	185.47	-522.358
10.78	180.246	-672.589
10.79	173.52	-818.588
10.8	165.334	-959.14
10.81	155.743	-1093.06
10.82	144.812	-1219.21
10.83	132.62	-1336.51
10.84	119.255	-1443.93
10.85	104.816	-1540.53
10.86	89.4106	-1625.43
10.87	73.1563	-1697.85
10.88	56.1778	-1757.11
10.89	38.6067	-1802.61
10.9	20.5805	-1833.89
10.91	2.24168	-1850.56
10.92	-16.2639	-1852.37
10.93	-34.7876	-1839.2
10.94	-53.1796	-1811.02
10.95	-71.2898	-1767.94
10.96	-88.9692	-1710.2
10.97	-106.071	-1638.13
10.98	-122.453	-1552.22
10.99	-137.975	-1453.03
11	-152.505	-1341.27
11.01	-165.918	-1217.74
11.02	-178.095	-1083.35
11.03	-188.929	-939.091
11.04	-198.32	-786.059
11.05	-206.18	-625.42
11.06	-212.434	-458.414
11.07	-217.018	-286.342
11.08	-219.882	-110.558
11.09	-220.987	67.5468
11.1	-220.312	246.547
11.11	-217.846	424.999
11.12	-213.597	601.455
11.13	-207.582	774.468
11.14	-199.837	942.61
11.15	-190.411	1104.48
11.16	-179.366	1258.71
11.17	-166.779	1404
11.18	-152.739	1539.09
11.19	-137.348	1662.81
11.2	-120.72	1774.06
11.21	-102.98	1871.84
11.22	-84.2613	1955.26
11.23	-64.7088	2023.51
11.24	-44.4737	2075.92
11.25	-23.7144	2111.95
11.26	-2.59498	2131.16
11.27	18.7166	2133.26
11.28	40.0491	2118.1
11.29	61.2301	2085.66
11.3	82.0867	2036.06
11.31	102.447	1969.57
11.32	122.143	1886.59
11.33	141.009	1787.65
11.34	158.885	1673.43
11.35	175.62	1544.74
11.36	191.067	1402.49
11.37	205.092	1247.72
11.38	217.569	1081.6
11.39	228.385	905.366
11.4	237.439	720.374
11.41	244.643	528.048
11.42	249.923	329.888
11.43	253.222	127.45
11.44	254.496	-77.6594
11.45	253.72	-283.801
11.46	250.882	-489.315
11.47	245.989	-692.529
11.48	239.063	-891.78
11.49	230.146	-1085.42
11.5	219.291	-1271.84
11.51	206.573	-1449.46
11.52	192.078	-1616.79
11.53	175.91	-1772.37
11.54	158.187	-1914.86
11.55	139.038	-2042.99
11.56	118.608	-2155.61
11.57	97.0521	-2251.68
11.58	74.5352	-2330.3
11.59	51.2323	-2390.67
11.6	27.3256	-2432.17
11.61	3.00388	-2454.3
11.62	-21.5391	-2456.74
11.63	-46.1065	-2439.29
11.64	-70.4994	-2401.94
11.65	-94.5188	-2344.84
11.66	-117.967	-2268.28
11.67	-140.65	-2172.72
11.68	-162.377	-2058.8
11.69	-182.965	-1927.27
11.7	-202.238	-1779.07
11.71	-220.029	-1615.26
11.72	-236.181	-1437.03
11.73	-250.552	-1245.73
11.74	-263.009	-1042.78
11.75	-273.437	-829.744
11.76	-281.734	-608.26
11.77	-287.817	-380.056
11.78	-291.617	-146.924
11.79	-293.086	89.2858
11.8	-292.194	326.686
11.81	-288.927	563.363
11.82	-283.293	797.393
11.83	-275.319	1026.86
11.84	-265.051	1249.87
11.85	-252.552	1464.56
11.86	-237.906	1669.13
11.87	-221.215	1861.83
11.88	-202.597	2041.02
11.89	-182.187	2205.12
11.9	-160.135	2352.69
11.91	-136.608	2482.4
11.92	-111.784	2593.05
11.93	-85.8539	2683.6
11.94	-59.018	2753.14
11.95	-31.4866	2800.94
11.96	-3.47712	2826.45
11.97	24.7874	2829.26
11.98	53.08	2809.19
11.99	81.1719	2766.19
12	108.834	2700.44
12.01	135.838	2612.29
12.02	161.961	2502.26
12.03	186.984	2371.07
12.04	210.694	2219.61
12.05	232.891	2048.95
12.06	253.38	1860.31
12.07	271.983	1655.07
12.08	288.534	1434.77
12.09	302.881	1201.05
12.1	314.892	955.719
12.11	324.449	700.656
12.12	331.456	437.853
12.13	335.834	169.373
12.14	337.528	-102.652
12.15	336.502	-376.05
12.16	332.741	-648.616
12.17	326.255	-918.137
12.18	317.073	-1182.4
12.19	305.249	-1439.23
12.2	290.857	-1686.48
12.21	273.992	-1922.08
12.22	254.771	-2144.01
12.23	233.331	-2350.38
12.24	209.828	-2539.38
12.25	184.434	-2709.34
12.26	157.34	-2858.73
12.27	128.753	-2986.17
12.28	98.8915	-3090.46
12.29	67.9868	-3170.57
12.3	36.2812	-3225.63
12.31	4.02482	-3255.02
12.32	-28.5254	-3258.28
12.33	-61.1082	-3235.18
12.34	-93.46	-3185.68
12.35	-125.317	-3109.98
12.36	-156.417	-3008.47
12.37	-186.501	-2881.77
12.38	-215.319	-2730.71
12.39	-242.626	-2556.3
12.4	-268.189	-2359.77
12.41	-291.787	-2142.54
12.42	-313.212	-1906.19
12.43	-332.274	-1652.49
12.44	-348.799	-1383.35
12.45	-362.632	-1100.82
12.46	-373.641	-807.088
12.47	-381.711	-504.439
12.48	-386.756	-195.252
12.49	-388.708	118.02
12.5	-387.528	432.874
12.51	-383.199	746.772
12.52	-375.732	1057.16
12.53	-365.16	1361.51
12.54	-351.545	1657.29
12.55	-334.972	1942.04
12.56	-315.552	2213.36
12.57	-293.418	2468.96
12.58	-268.729	2706.63
12.59	-241.662	2924.3
12.6	-212.419	3120.05
12.61	-181.219	3292.11
12.62	-148.298	3438.89
12.63	-113.909	3559.01
12.64	-78.3187	3651.28
12.65	-41.8058	3714.72
12.66	-4.65866	3748.58
12.67	32.8272	3752.36
12.68	70.3507	3725.77
12.69	107.608	3668.78
12.7	144.296	3581.62
12.71	180.112	3464.74
12.72	214.76	3318.85
12.73	247.948	3144.89
12.74	279.397	2944.05
12.75	308.838	2717.74
12.76	336.015	2467.58
12.77	360.691	2195.41
12.78	382.645	1903.25
12.79	401.678	1593.31
12.8	417.611	1267.95
12.81	430.29	929.686
12.82	439.587	581.151
12.83	445.399	225.085
12.84	447.649	-135.687
12.85	446.293	-498.283
12.86	441.31	-859.78
12.87	432.712	-1217.24
12.88	420.539	-1567.74
12.89	404.862	-1908.37
12.9	385.778	-2236.31
12.91	363.415	-2548.79
12.92	337.927	-2843.16
12.93	309.496	-3116.88
12.94	278.327	-3367.57
12.95	244.651	-3593.02
12.96	208.721	-3791.18
12.97	170.809	-3960.25
12.98	131.207	-4098.6
12.99	90.2206	-4204.88
13	48.1718	-4277.96
13.01	5.39218	-4316.98
13.02	-37.7776	-4321.35
13.03	-80.9911	-4290.75
13.04	-123.899	-4225.14
13.05	-166.15	-4124.79
13.06	-207.398	-3990.21
13.07	-247.3	-3822.21
13.08	-285.522	-3621.9
13.09	-321.741	-3390.63
13.1	-355.647	-3130.02
13.11	-386.947	-2841.94
13.12	-415.367	-2528.52
13.13	-440.652	-2192.07
13.14	-462.573	-1835.14
13.15	-480.924	-1460.46
13.16	-495.529	-1070.91
13.17	-506.238	-669.529
13.18	-512.933	-259.476
13.19	-515.528	155.999
13.2	-513.968	573.577
13.21	-508.232	989.891
13.22	-498.333	1401.56
13.23	-484.318	1805.21
13.24	-466.265	2197.51
13.25	-444.29	2575.18
13.26	-418.539	2935.06
13.27	-389.188	3274.07
13.28	-356.447	3589.31
13.29	-320.554	3878.04
13.3	-281.774	4137.69
13.31	-240.397	4365.92
13.32	-196.738	4560.64
13.33	-151.131	4720
13.34	-103.931	4842.42
13.35	-55.5071	4926.6
13.36	-6.24104	4971.56
13.37	43.4746	4976.62
13.38	93.2408	4941.4
13.39	142.655	4865.88
13.4	191.314	4750.33
13.41	238.817	4595.36
13.42	284.771	4401.92
13.43	328.79	4171.26
13.44	370.502	3904.94
13.45	409.552	3604.83
13.46	445.6	3273.1
13.47	478.331	2912.16
13.48	507.453	2524.71
13.49	532.7	2113.67
13.5	553.836	1682.19
13.51	570.658	1233.58
13.52	582.994	771.347
13.53	590.708	299.122
13.54	593.699	-179.352
13.55	591.905	-660.248
13.56	585.303	-1139.69
13.57	573.906	-1613.79
13.58	557.768	-2078.65
13.59	536.982	-2530.44
13.6	511.677	-2965.4
13.61	482.023	-3379.86
13.62	448.225	-3770.29
13.63	410.522	-4133.36
13.64	369.188	-4465.88
13.65	324.529	-4764.92
13.66	276.88	-5027.79
13.67	226.602	-5252.06
13.68	174.082	-5435.61
13.69	119.725	-5576.62
13.7	63.9593	-5673.59
13.71	7.22336	-5725.4
13.72	-50.0307	-5731.25
13.73	-107.343	-5690.73
13.74	-164.25	-5603.78
13.75	-220.288	-5470.74
13.76	-274.996	-5292.3
13.77	-327.919	-5069.56
13.78	-378.614	-4803.94
13.79	-426.654	-4497.27
13.8	-471.626	-4151.68
13.81	-513.143	-3769.66
13.82	-550.84	-3354.01
13.83	-584.38	-2907.83
13.84	-613.458	-2434.48
13.85	-637.803	-1937.58
13.86	-657.179	-1420.96
13.87	-671.388	-888.649
13.88	-680.275	-344.824
13.89	-683.723	206.199
13.9	-681.661	760.014
13.91	-674.061	1312.16
13.92	-660.939	1858.15
13.93	-642.358	2393.51
13.94	-618.423	2913.82
13.95	-589.285	3414.74
13.96	-555.137	3892.06
13.97	-516.217	4341.72
13.98	-472.799	4759.86
13.99	-425.201	5142.83
14	-373.772	5487.24
14.01	-318.9	5790
14.02	-261	6048.3
14.03	-200.517	6259.71
14.04	-137.92	6422.13
14.05	-73.6986	6533.85
14.06	-8.36008	6593.54
14.07	57.5754	6600.32
14.08	123.579	6553.68
14.09	189.115	6453.58
14.1	253.651	6300.4
14.11	316.655	6094.94
14.12	377.605	5838.45
14.13	435.989	5532.59
14.14	491.315	5179.44
14.15	543.109	4781.47
14.16	590.924	4341.56
14.17	634.34	3862.91
14.18	672.969	3349.09
14.19	706.46	2803.99
14.2	734.499	2231.75
14.21	756.817	1636.81
14.22	773.185	1023.79
14.23	783.423	397.509
14.24	787.398	-237.064
14.25	785.027	-874.856
14.26	776.279	-1510.73
14.27	761.172	-2139.51
14.28	739.776	-2756.06
14.29	712.216	-3355.28
14.3	678.663	-3932.18
14.31	639.341	-4481.89
14.32	594.522	-4999.76
14.33	544.525	-5481.32
14.34	489.711	-5922.39
14.35	430.488	-6319.05
14.36	367.297	-6667.75
14.37	300.619	-6965.26
14.38	230.967	-7208.76
14.39	158.879	-7395.85
14.4	84.9208	-7524.54
14.41	9.67544	-7593.32
14.42	-66.2578	-7601.16
14.43	-142.269	-7547.49
14.44	-217.744	-7432.25
14.45	-292.067	-7255.88
14.46	-364.626	-7019.31
14.47	-434.819	-6723.96
14.48	-502.058	-6371.76
14.49	-565.776	-5965.09
14.5	-625.427	-5506.81
14.51	-680.495	-5000.22
14.52	-730.497	-4449.01
14.53	-774.987	-3857.31
14.54	-813.56	-3229.57
14.55	-845.856	-2570.59
14.56	-871.562	-1885.44
14.57	-890.416	-1179.48
14.58	-902.211	-458.242
14.59	-906.794	272.549
14.6	-904.068	1007.05
14.61	-893.998	1739.35
14.62	-876.604	2463.48
14.63	-851.969	3173.53
14.64	-820.234	3863.63
14.65	-781.598	4528.02
14.66	-736.317	5161.11
14.67	-684.706	5757.53
14.68	-627.131	6312.14
14.69	-564.01	6820.12
14.7	-495.808	7276.97
14.71	-423.039	7678.57
14.72	-346.253	8021.23
14.73	-266.041	8301.7
14.74	-183.024	8517.19
14.75	-97.8519	8665.44
14.76	-11.1975	8744.7
14.77	76.2495	8753.77
14.78	163.787	8692.01
14.79	250.707	8559.34
14.8	336.301	8356.27
14.81	419.863	8083.86
14.82	500.702	7743.77
14.83	578.14	7338.21
14.84	651.522	6869.91
14.85	720.221	6342.18
14.86	783.643	5758.8
14.87	841.231	5124.05
14.88	892.471	4442.65
14.89	936.898	3719.75
14.9	974.095	2960.86
14.91	1003.7	2171.85
14.92	1025.42	1358.85
14.93	1039.01	528.255
14.94	1044.29	-313.344
14.95	1041.16	-1159.22
14.96	1029.57	-2002.56
14.97	1009.54	-2836.51
14.98	981.177	-3654.24
14.99	944.635	-4448.99
15	900.145	-5214.15
15.01	848.003	-5943.26
15.02	788.571	-6630.15
15.03	722.269	-7268.89
15.04	649.58	-7853.93
15.05	571.041	-8380.09
15.06	487.24	-8842.63
15.07	398.814	-9237.29
15.08	306.441	-9560.33
15.09	210.837	-9808.55
15.1	112.752	-9979.33
15.11	12.9587	-10070.7
15.12	-87.7479	-10081.2
15.13	-188.559	-10010.1
15.14	-288.66	-9857.35
15.15	-387.234	-9623.53
15.16	-483.469	-9309.87
15.17	-576.568	-8918.26
15.18	-665.75	-8451.24
15.19	-750.263	-7911.98
15.2	-829.383	-7304.27
15.21	-902.425	-6632.47
15.22	-968.75	-5901.51
15.23	-1027.77	-5116.82
15.24	-1078.93	-4284.33
15.25	-1121.78	-3410.39
15.26	-1155.88	-2501.75
15.27	-1180.9	-1565.49
15.28	-1196.55	-608.964
15.29	-1202.64	360.244
15.3	-1199.04	1334.38
15.31	-1185.7	2305.61
15.32	-1162.64	3266.02
15.33	-1129.98	4207.76
15.34	-1087.9	5123.04
15.35	-1036.67	6004.24
15.36	-976.63	6843.95
15.37	-908.19	7635.02
15.38	-831.84	8370.65
15.39	-748.133	9044.44
15.4	-657.689	9650.43
15.41	-561.185	10183.2
15.42	-459.353	10637.7
15.43	-352.976	11009.8
15.44	-242.878	11295.7
15.45	-129.921	11492.4
15.46	-14.9965	11597.7
15.47	100.98	11609.8
15.48	217.078	11528
15.49	332.359	11352.2
15.5	445.881	11083
15.51	556.71	10721.8
15.52	663.929	10270.9
15.53	766.637	9733.1
15.54	863.968	9112.12
15.55	955.09	8412.31
15.56	1039.21	7638.69
15.57	1115.6	6796.92
15.58	1183.57	5893.29
15.59	1242.5	4934.6
15.6	1291.85	3928.17
15.61	1331.13	2881.77
15.62	1359.95	1803.56
15.63	1377.98	702.003
15.64	1385	-414.163
15.65	1380.86	-1536.02
15.66	1365.5	-2654.51
15.67	1338.96	-3760.57
15.68	1301.35	-4845.12
15.69	1252.9	-5899.22
15.7	1193.91	-6914.07
15.71	1124.77	-7881.13
15.72	1045.95	-8792.19
15.73	958.033	-9639.41
15.74	861.639	-10415.4
15.75	757.485	-11113.3
15.76	646.351	-11726.9
15.77	529.082	-12250.5
15.78	406.577	-12679
15.79	279.787	-13008.3
15.8	149.704	-13235
15.81	17.3543	-13356.2
15.82	-116.208	-13370.3
15.83	-249.911	-13276.2
15.84	-382.672	-13073.7
15.85	-513.41	-12763.8
15.86	-641.047	-12347.9
15.87	-764.526	-11828.7
15.88	-882.813	-11209.4
15.89	-994.907	-10494.3
15.9	-1099.85	-9688.43
15.91	-1196.73	-8797.56
15.92	-1284.71	-7828.2
15.93	-1362.99	-6787.59
15.94	-1430.87	-5683.56
15.95	-1487.7	-4524.56
15.96	-1532.95	-3319.52
15.97	-1566.14	-2077.83
15.98	-1586.92	-809.256
15.99	-1595.01	476.151
16	-1590.25	1768.11
16.01	-1572.57	3056.22
16.02	-1542.01	4330
16.03	-1498.71	5579.03
16.04	-1442.92	6792.99
16.05	-1374.99	7961.75
16.06	-1295.37	9075.49
16.07	-1204.62	10124.7
16.08	-1103.37	11100.5
16.09	-992.365	11994.2
16.1	-872.423	12798
16.11	-744.443	13504.7
16.12	-609.396	14107.7
16.13	-468.319	14601.3
16.14	-322.306	14980.6
16.15	-172.5	15241.7
16.16	-20.0824	15381.4
16.17	133.732	15397.7
16.18	287.709	15289.4
16.19	440.603	15056.3
16.2	591.166	14699.4
16.21	738.16	14220.6
16.22	880.366	13622.7
16.23	1016.59	12909.6
16.24	1145.69	12086.2
16.25	1266.55	11158.1
16.26	1378.13	10132.2
16.27	1479.45	9015.95
16.28	1569.61	7817.59
16.29	1647.79	6546.2
16.3	1713.25	5211.5
16.31	1765.37	3823.76
16.32	1803.6	2393.81
16.33	1827.54	932.894
16.34	1836.87	-547.416
16.35	1831.4	-2035.28
16.36	1811.04	-3518.71
16.37	1775.86	-4985.66
16.38	1726	-6424.1
16.39	1661.76	-7822.16
16.4	1583.54	-9168.19
16.41	1491.86	-10450.9
16.42	1387.35	-11659.3
16.43	1270.76	-12783
16.44	1142.93	-13812.3
16.45	1004.8	-14738.1
16.46	857.421	-15552
16.47	701.901	-16246.5
16.48	539.436	-16815
16.49	371.286	-17252
16.5	198.766	-17552.7
16.51	23.2389	-17713.7
16.52	-153.898	-17732.5
16.53	-331.224	-17607.9
16.54	-507.303	-17339.6
16.55	-680.699	-16928.7
16.56	-849.985	-16377.3
16.57	-1013.76	-15688.8
16.58	-1170.65	-14867.7
16.59	-1319.32	-13919.5
16.6	-1458.52	-12850.8
16.61	-1587.03	-11669.4
16.62	-1703.72	-10383.9
16.63	-1807.56	-9003.9
16.64	-1897.6	-7539.78
16.65	-1973	-6002.72
16.66	-2033.02	-4404.6
16.67	-2077.07	-2757.85
16.68	-2104.65	-1075.42
16.69	-2115.4	629.344
16.7	-2109.11	2342.82
16.71	-2085.68	4051.2
16.72	-2045.17	5740.6
16.73	-1987.76	7397.18
16.74	-1913.79	9007.27
16.75	-1823.72	10557.4
16.76	-1718.14	12034.7
16.77	-1597.8	13426.3
16.78	-1463.53	14720.6
16.79	-1316.33	15906
16.8	-1157.27	16972.3
16.81	-987.545	17909.6
16.82	-808.448	18709.5
16.83	-621.353	19364.4
16.84	-427.709	19867.7
16.85	-229.032	20214.1
16.86	-26.8908	20399.6
16.87	177.106	20421.4
16.88	381.32	20278
16.89	584.1	19969.1
16.9	783.791	19496
16.91	978.751	18861.1
16.92	1167.36	18068.3
16.93	1348.05	17122.8
16.94	1519.27	16030.8
16.95	1679.58	14800.2
16.96	1827.58	13439.8
16.97	1961.98	11959.4
16.98	2081.58	10370.2
16.99	2185.28	8684.15
17	2272.12	6914.08
17.01	2341.26	5073.66
17.02	2392	3177.24
17.03	2423.77	1239.72
17.04	2436.17	-723.532
17.05	2428.93	-2696.83
17.06	2401.96	-4664.26
17.07	2355.32	-6609.85
17.08	2289.22	-8517.66
17.09	2204.05	-10371.9
17.1	2100.33	-12157.2
17.11	1978.75	-13858.5
17.12	1840.17	-15461.3
17.13	1685.56	-16951.8
17.14	1516.04	-18317.1
17.15	1332.87	-19545.1
17.16	1137.42	-20624.7
17.17	931.169	-21546
17.18	715.709	-22300.3
17.19	492.707	-22880
17.2	263.907	-23279.1
17.21	31.1159	-23492.8
17.22	-203.813	-23518.1
17.23	-438.993	-23353
17.24	-672.523	-22997.4
17.25	-902.497	-22452.6
17.26	-1127.02	-21721.6
17.27	-1344.24	-20808.7
17.28	-1552.33	-19719.9
17.29	-1749.53	-18462.5
17.3	-1934.15	-17045.4
17.31	-2104.6	-15478.7
17.32	-2259.39	-13774
17.33	-2397.13	-11943.9
17.34	-2516.57	-10002.2
17.35	-2616.59	-7963.79
17.36	-2696.23	-5844.35
17.37	-2754.67	-3660.41
17.38	-2791.28	-1429.12
17.39	-2805.57	831.813
17.4	-2797.25	3104.32
17.41	-2766.21	5370.1
17.42	-2712.51	7610.73
17.43	-2636.4	9807.86
17.44	-2538.32	11943.3
17.45	-2418.89	13999.4
17.46	-2278.89	15958.7
17.47	-2119.31	17804.6
17.48	-1941.26	19521.2
17.49	-1746.05	21093.6
17.5	-1535.11	22507.9
17.51	-1310.03	23751.4
17.52	-1072.52	24812.5
17.53	-824.394	25681.3
17.54	-567.582	26349
17.55	-304.092	26808.8
17.56	-36.004	27055.1
17.57	234.547	27084.2
17.58	505.389	26894.2
17.59	774.331	26484.9
17.6	1039.18	25857.7
17.61	1297.76	25015.9
17.62	1547.92	23964.8
17.63	1787.56	22710.9
17.64	2014.67	21263
17.65	2227.3	19631.1
17.66	2423.61	17827
17.67	2601.89	15863.9
17.68	2760.52	13756.4
17.69	2898.09	11520.3
17.7	3013.29	9172.88
17.71	3105.02	6732.12
17.72	3172.34	4217.05
17.73	3214.51	1647.46
17.74	3230.99	-956.297
17.75	3221.42	-3573.4
17.76	3185.69	-6182.75
17.77	3123.86	-8763.16
17.78	3036.23	-11293.5
17.79	2923.3	-13752.8
17.8	2785.77	-16120.7
17.81	2624.56	-18377.2
17.82	2440.79	-20503.1
17.83	2235.76	-22480.1
17.84	2010.96	-24291.1
17.85	1768.05	-25919.9
17.86	1508.85	-27352.1
17.87	1235.33	-28574.2
17.88	949.584	-29574.8
17.89	653.835	-30344
17.9	350.395	-30873.6
17.91	41.6591	-31157.4
17.92	-269.915	-31191.2
17.93	-581.827	-30972.5
17.94	-891.552	-30501.3
17.95	-1196.56	-29779.1
17.96	-1494.36	-28809.9
17.97	-1782.45	-27599.5
17.98	-2058.45	-26155.7
17.99	-2320.01	-24488.3
18	-2564.89	-22609.1
18.01	-2790.98	-20531.6
18.02	-2996.3	-18270.9
18.03	-3179	-15843.9
18.04	-3337.44	-13268.9
18.05	-3470.13	-10565.5
18.06	-3575.79	-7754.74
18.07	-3653.33	-4858.35
18.08	-3701.92	-1899.15
18.09	-3720.91	1099.41
18.1	-3709.92	4113.34
18.11	-3668.78	7118.38
18.12	-3597.6	10090.1
18.13	-3496.7	13004.1
18.14	-3366.66	15836.5
18.15	-3208.29	18563.5
18.16	-3022.66	21162.2
18.17	-2811.04	23610.5
18.18	-2574.93	25887.5
18.19	-2316.06	27973.2
18.2	-2036.32	29849.2
18.21	-1737.83	31498.6
18.22	-1422.85	32906.2
18.23	-1093.78	34058.7
18.24	-753.196	34944.7
18.25	-403.749	35554.8
18.26	-48.2014	35881.8
18.27	310.617	35920.9
18.28	669.826	35669.3
18.29	1026.52	35126.7
18.3	1377.79	34295.2
18.31	1720.74	33179.2
18.32	2052.53	31785.4
18.33	2370.38	30122.9
18.34	2671.61	28202.9
18.35	2953.64	26038.9
18.36	3214.03	23646.4
18.37	3450.49	21043
18.38	3660.92	18248.1
18.39	3843.41	15282.8
18.4	3996.23	12169.6
18.41	4117.93	8932.69
18.42	4207.26	5597.16
18.43	4263.23	2189.29
18.44	4285.12	-1263.93
18.45	4272.48	-4734.88
18.46	4225.13	-8195.59
18.47	4143.18	-11617.9
18.48	4027	-14973.9
18.49	3877.26	-18235.8
18.5	3694.9	-21376.4
18.51	3481.14	-24369.2
18.52	3237.45	-27189
18.53	2965.56	-29811.3
18.54	2667.44	-32213.4
18.55	2345.31	-34374
18.56	2001.57	-36273.7
18.57	1638.83	-37895
18.58	1259.88	-39222.4
18.59	867.657	-40243
18.6	465.227	-40945.8
18.61	55.7699	-41322.6
18.62	-357.456	-41367.8
18.63	-771.134	-41078.2
18.64	-1181.92	-40453.6
18.65	-1586.45	-39496.3
18.66	-1981.41	-38211.2
18.67	-2363.53	-36606.3
18.68	-2729.59	-34691.8
18.69	-3076.51	-32480.9
18.7	-3401.32	-29988.9
18.71	-3701.21	-27233.8
18.72	-3973.54	-24235.8
18.73	-4215.9	-21017.3
18.74	-4426.07	-17602.4
18.75	-4602.1	-14017.3
18.76	-4742.27	-10289.6
18.77	-4845.17	-6448.33
18.78	-4909.65	-2523.75
18.79	-4934.89	1453.07
18.8	-4920.36	5450.33
18.81	-4865.85	9435.82
18.82	-4771.5	13377.2
18.83	-4637.72	17242.1
18.84	-4465.3	20998.6
18.85	-4255.32	24615.5
18.86	-4009.16	28062.3
18.87	-3728.54	31309.7
18.88	-3415.44	34329.9
18.89	-3072.14	37096.4
18.9	-2701.18	39584.8
18.91	-2305.33	41772.8
18.92	-1887.6	43640.1
18.93	-1451.2	45169
18.94	-999.512	46344.5
18.95	-536.067	47154.1
18.96	-64.5254	47588.3
18.97	411.358	47640.6
18.98	887.764	47307.4
18.99	1360.84	46588.3
19	1826.72	45486
19.01	2281.58	44006.4
19.02	2721.65	42158.3
19.03	3143.23	39953.8
19.04	3542.77	37407.8
19.05	3916.84	34538.1
19.06	4262.22	31365.5
19.07	4575.88	27913.1
19.08	4855.01	24206.6
19.09	5097.08	20274.1
19.1	5299.82	16145.4
19.11	5461.27	11852.6
19.12	5579.8	7428.94
19.13	5654.09	2909.3
19.14	5683.18	-1670.51
19.15	5666.47	-6273.88
19.16	5603.74	-10863.7
19.17	5495.1	-15402.7
19.18	5341.07	-19853.8
19.19	5142.53	-24180
19.2	4900.73	-28345.5
19.21	4617.28	-32315.1
19.22	4294.13	-36055.1
19.23	3933.58	-39533.3
19.24	3538.24	-42719.5
19.25	3111.05	-45585.5
19.26	2655.19	-48105.4
19.27	2174.14	-50256.2
19.28	1671.58	-52017.2
19.29	1151.4	-53371.2
19.3	617.692	-54303.8
19.31	74.6538	-54804.1
19.32	-473.388	-54864.6
19.33	-1022.03	-54481.2
19.34	-1566.85	-53653.3
19.35	-2103.38	-52384.2
19.36	-2627.22	-50680.4
19.37	-3134.03	-48552.4
19.38	-3619.55	-46013.8
19.39	-4079.69	-43082
19.4	-4510.51	-39777.5
19.41	-4908.28	-36123.9
19.42	-5269.52	-32148.2
19.43	-5591	-27879.9
19.44	-5869.8	-23351.2
19.45	-6103.32	-18596.7
19.46	-6289.28	-13653
19.47	-6425.81	-8558.67
19.48	-6511.4	-3353.76
19.49	-6544.94	1920.47
19.5	-6525.73	7221.87
19.51	-6453.51	12507.7
19.52	-6328.44	17735.1
19.53	-6151.08	22861.1
19.54	-5922.47	27843.5
19.55	-5644.04	32640.7
19.56	-5317.63	37212.3
19.57	-4945.51	41519.6
19.58	-4530.31	45525.5
19.59	-4075.06	49195
19.6	-3583.11	52495.8
19.61	-3058.15	55398.2
19.62	-2504.17	57875.3
19.63	-1925.41	59903.6
19.64	-1326.38	61463.2
19.65	-711.746	62537.6
19.66	-86.3703	63114.1
19.67	544.771	63184.1
19.68	1176.61	62742.8
19.69	1804.04	61789.7
19.7	2421.94	60328.5
19.71	3025.22	58366.7
19.72	3608.89	55916.3
19.73	4168.05	52993.1
19.74	4697.98	49616.9
19.75	5194.15	45811.6
19.76	5652.27	41604.3
19.77	6068.31	37026
19.78	6438.57	32110.7
19.79	6759.68	26895.4
19.8	7028.63	21420.1
19.81	7242.83	15726.9
19.82	7400.1	9860.19
19.83	7498.7	3866.11
19.84	7537.36	-2207.84
19.85	7515.28	-8313.11
19.86	7432.15	-14400.5
19.87	7288.15	-20420.5
19.88	7083.94	-26323.9
19.89	6820.7	-32061.9
19.9	6500.09	-37586.7
19.91	6124.22	-42851.8
19.92	5695.7	-47812.4
19.93	5217.58	-52425.9
19.94	4693.32	-56652.1
19.95	4126.8	-60453.7
19.96	3522.26	-63796.4
19.97	2884.29	-66649.5
19.98	2217.8	-68985.7
19.99	1527.94	-70782.2
