t 	 x 	 z
0	0	1
0.01	0.01	1
0.02	0.02	0.9999
0.03	0.029999	0.9997
0.04	0.039996	0.9994
0.05	0.04999	0.999
0.06	0.05998	0.9985
0.07	0.069965	0.9979
0.08	0.079944	0.997201
0.09	0.089916	0.996401
0.1	0.09988	0.995502
0.11	0.109835	0.994503
0.12	0.11978	0.993405
0.13	0.129714	0.992207
0.14	0.139636	0.99091
0.15	0.149545	0.989514
0.16	0.15944	0.988018
0.17	0.169321	0.986424
0.18	0.179185	0.984731
0.19	0.189032	0.982939
0.2	0.198862	0.981048
0.21	0.208672	0.97906
0.22	0.218463	0.976973
0.23	0.228232	0.974788
0.24	0.23798	0.972506
0.25	0.247705	0.970126
0.26	0.257407	0.967649
0.27	0.267083	0.965075
0.28	0.276734	0.962404
0.29	0.286358	0.959637
0.3	0.295954	0.956773
0.31	0.305522	0.953814
0.32	0.31506	0.950759
0.33	0.324568	0.947608
0.34	0.334044	0.944362
0.35	0.343487	0.941022
0.36	0.352898	0.937587
0.37	0.362273	0.934058
0.38	0.371614	0.930435
0.39	0.380918	0.926719
0.4	0.390186	0.92291
0.41	0.399415	0.919008
0.42	0.408605	0.915014
0.43	0.417755	0.910928
0.44	0.426864	0.90675
0.45	0.435932	0.902482
0.46	0.444957	0.898123
0.47	0.453938	0.893673
0.48	0.462874	0.889134
0.49	0.471766	0.884505
0.5	0.480611	0.879787
0.51	0.489409	0.874981
0.52	0.498159	0.870087
0.53	0.506859	0.865105
0.54	0.51551	0.860037
0.55	0.524111	0.854882
0.56	0.53266	0.849641
0.57	0.541156	0.844314
0.58	0.549599	0.838902
0.59	0.557988	0.833406
0.6	0.566322	0.827827
0.61	0.574601	0.822163
0.62	0.582822	0.816417
0.63	0.590986	0.810589
0.64	0.599092	0.804679
0.65	0.607139	0.798688
0.66	0.615126	0.792617
0.67	0.623052	0.786466
0.68	0.630917	0.780235
0.69	0.638719	0.773926
0.7	0.646458	0.767539
0.71	0.654134	0.761074
0.72	0.661745	0.754533
0.73	0.66929	0.747915
0.74	0.676769	0.741223
0.75	0.684181	0.734455
0.76	0.691526	0.727613
0.77	0.698802	0.720698
0.78	0.706009	0.71371
0.79	0.713146	0.70665
0.8	0.720212	0.699518
0.81	0.727208	0.692316
0.82	0.734131	0.685044
0.83	0.740981	0.677703
0.84	0.747758	0.670293
0.85	0.754461	0.662815
0.86	0.761089	0.655271
0.87	0.767642	0.64766
0.88	0.774119	0.639983
0.89	0.780518	0.632242
0.9	0.786841	0.624437
0.91	0.793085	0.616569
0.92	0.799251	0.608638
0.93	0.805337	0.600645
0.94	0.811344	0.592592
0.95	0.81727	0.584478
0.96	0.823115	0.576306
0.97	0.828878	0.568075
0.98	0.834558	0.559786
0.99	0.840156	0.55144
1	0.845671	0.543039
1.01	0.851101	0.534582
1.02	0.856447	0.526071
1.03	0.861707	0.517506
1.04	0.866883	0.508889
1.05	0.871971	0.500221
1.06	0.876974	0.491501
1.07	0.881889	0.482731
1.08	0.886716	0.473912
1.09	0.891455	0.465045
1.1	0.896106	0.456131
1.11	0.900667	0.447169
1.12	0.905139	0.438163
1.13	0.90952	0.429111
1.14	0.913811	0.420016
1.15	0.918011	0.410878
1.16	0.92212	0.401698
1.17	0.926137	0.392477
1.18	0.930062	0.383215
1.19	0.933894	0.373915
1.2	0.937633	0.364576
1.21	0.941279	0.355199
1.22	0.944831	0.345787
1.23	0.948289	0.336338
1.24	0.951652	0.326856
1.25	0.954921	0.317339
1.26	0.958094	0.30779
1.27	0.961172	0.298209
1.28	0.964154	0.288597
1.29	0.96704	0.278956
1.3	0.96983	0.269285
1.31	0.972523	0.259587
1.32	0.975118	0.249862
1.33	0.977617	0.24011
1.34	0.980018	0.230334
1.35	0.982322	0.220534
1.36	0.984527	0.210711
1.37	0.986634	0.200866
1.38	0.988643	0.190999
1.39	0.990553	0.181113
1.4	0.992364	0.171207
1.41	0.994076	0.161284
1.42	0.995689	0.151343
1.43	0.997202	0.141386
1.44	0.998616	0.131414
1.45	0.99993	0.121428
1.46	1.00114	0.111429
1.47	1.00226	0.101417
1.48	1.00327	0.0913945
1.49	1.00419	0.0813618
1.5	1.005	0.0713199
1.51	1.00571	0.0612699
1.52	1.00633	0.0512128
1.53	1.00684	0.0411495
1.54	1.00725	0.0310812
1.55	1.00756	0.0210087
1.56	1.00777	0.0109331
1.57	1.00788	0.000855345
1.58	1.00789	-0.00922346
1.59	1.0078	-0.0193023
1.6	1.0076	-0.0293803
1.61	1.00731	-0.0394563
1.62	1.00692	-0.0495294
1.63	1.00642	-0.0595986
1.64	1.00582	-0.0696628
1.65	1.00513	-0.079721
1.66	1.00433	-0.0897723
1.67	1.00343	-0.0998156
1.68	1.00243	-0.10985
1.69	1.00134	-0.119874
1.7	1.00014	-0.129888
1.71	0.998838	-0.139889
1.72	0.997439	-0.149877
1.73	0.99594	-0.159852
1.74	0.994342	-0.169811
1.75	0.992644	-0.179755
1.76	0.990846	-0.189681
1.77	0.988949	-0.199589
1.78	0.986953	-0.209479
1.79	0.984859	-0.219348
1.8	0.982665	-0.229197
1.81	0.980373	-0.239024
1.82	0.977983	-0.248827
1.83	0.975495	-0.258607
1.84	0.972909	-0.268362
1.85	0.970225	-0.278091
1.86	0.967444	-0.287794
1.87	0.964566	-0.297468
1.88	0.961591	-0.307114
1.89	0.95852	-0.31673
1.9	0.955353	-0.326315
1.91	0.95209	-0.335868
1.92	0.948731	-0.345389
1.93	0.945277	-0.354877
1.94	0.941729	-0.364329
1.95	0.938085	-0.373747
1.96	0.934348	-0.383127
1.97	0.930516	-0.392471
1.98	0.926592	-0.401776
1.99	0.922574	-0.411042
2	0.918464	-0.420268
2.01	0.914261	-0.429452
2.02	0.909966	-0.438595
2.03	0.90558	-0.447695
2.04	0.901103	-0.45675
2.05	0.896536	-0.465761
2.06	0.891878	-0.474727
2.07	0.887131	-0.483646
2.08	0.882295	-0.492517
2.09	0.877369	-0.50134
2.1	0.872356	-0.510114
2.11	0.867255	-0.518837
2.12	0.862067	-0.52751
2.13	0.856791	-0.53613
2.14	0.85143	-0.544698
2.15	0.845983	-0.553213
2.16	0.840451	-0.561672
2.17	0.834834	-0.570077
2.18	0.829134	-0.578425
2.19	0.823349	-0.586717
2.2	0.817482	-0.59495
2.21	0.811533	-0.603125
2.22	0.805501	-0.61124
2.23	0.799389	-0.619295
2.24	0.793196	-0.627289
2.25	0.786923	-0.635221
2.26	0.780571	-0.64309
2.27	0.77414	-0.650896
2.28	0.767631	-0.658637
2.29	0.761045	-0.666314
2.3	0.754382	-0.673924
2.31	0.747642	-0.681468
2.32	0.740828	-0.688944
2.33	0.733938	-0.696353
2.34	0.726975	-0.703692
2.35	0.719938	-0.710962
2.36	0.712828	-0.718161
2.37	0.705647	-0.72529
2.38	0.698394	-0.732346
2.39	0.69107	-0.73933
2.4	0.683677	-0.746241
2.41	0.676214	-0.753077
2.42	0.668684	-0.75984
2.43	0.661085	-0.766526
2.44	0.65342	-0.773137
2.45	0.645689	-0.779671
2.46	0.637892	-0.786128
2.47	0.630031	-0.792507
2.48	0.622106	-0.798808
2.49	0.614117	-0.805029
2.5	0.606067	-0.81117
2.51	0.597956	-0.81723
2.52	0.589783	-0.82321
2.53	0.581551	-0.829108
2.54	0.57326	-0.834923
2.55	0.564911	-0.840656
2.56	0.556504	-0.846305
2.57	0.548041	-0.85187
2.58	0.539522	-0.85735
2.59	0.530949	-0.862746
2.6	0.522322	-0.868055
2.61	0.513641	-0.873278
2.62	0.504908	-0.878415
2.63	0.496124	-0.883464
2.64	0.487289	-0.888425
2.65	0.478405	-0.893298
2.66	0.469472	-0.898082
2.67	0.460491	-0.902777
2.68	0.451464	-0.907382
2.69	0.44239	-0.911896
2.7	0.433271	-0.91632
2.71	0.424108	-0.920653
2.72	0.414901	-0.924894
2.73	0.405652	-0.929043
2.74	0.396362	-0.9331
2.75	0.387031	-0.937063
2.76	0.37766	-0.940934
2.77	0.368251	-0.94471
2.78	0.358804	-0.948393
2.79	0.34932	-0.951981
2.8	0.3398	-0.955474
2.81	0.330245	-0.958872
2.82	0.320656	-0.962174
2.83	0.311035	-0.965381
2.84	0.301381	-0.968491
2.85	0.291696	-0.971505
2.86	0.281981	-0.974422
2.87	0.272237	-0.977242
2.88	0.262464	-0.979964
2.89	0.252665	-0.982589
2.9	0.242839	-0.985115
2.91	0.232988	-0.987544
2.92	0.223112	-0.989874
2.93	0.213213	-0.992105
2.94	0.203292	-0.994237
2.95	0.19335	-0.99627
2.96	0.183387	-0.998203
2.97	0.173405	-1.00004
2.98	0.163405	-1.00177
2.99	0.153387	-1.00341
3	0.143353	-1.00494
3.01	0.133304	-1.00637
3.02	0.12324	-1.00771
3.03	0.113163	-1.00894
3.04	0.103074	-1.01007
3.05	0.0929729	-1.0111
3.06	0.0828619	-1.01203
3.07	0.0727416	-1.01286
3.08	0.062613	-1.01359
3.09	0.0524771	-1.01421
3.1	0.042335	-1.01474
3.11	0.0321876	-1.01516
3.12	0.022036	-1.01548
3.13	0.0118812	-1.0157
3.14	0.00172417	-1.01582
3.15	-0.00843405	-1.01584
3.16	-0.0185924	-1.01575
3.17	-0.02875	-1.01557
3.18	-0.0389057	-1.01528
3.19	-0.0490585	-1.01489
3.2	-0.0592074	-1.0144
3.21	-0.0693514	-1.01381
3.22	-0.0794895	-1.01312
3.23	-0.0896207	-1.01232
3.24	-0.0997439	-1.01142
3.25	-0.109858	-1.01043
3.26	-0.119962	-1.00933
3.27	-0.130056	-1.00813
3.28	-0.140137	-1.00683
3.29	-0.150205	-1.00543
3.3	-0.16026	-1.00393
3.31	-0.170299	-1.00232
3.32	-0.180322	-1.00062
3.33	-0.190328	-0.998816
3.34	-0.200316	-0.996913
3.35	-0.210286	-0.99491
3.36	-0.220235	-0.992807
3.37	-0.230163	-0.990605
3.38	-0.240069	-0.988303
3.39	-0.249952	-0.985902
3.4	-0.259811	-0.983403
3.41	-0.269645	-0.980805
3.42	-0.279453	-0.978108
3.43	-0.289234	-0.975314
3.44	-0.298987	-0.972421
3.45	-0.308711	-0.969432
3.46	-0.318406	-0.966344
3.47	-0.328069	-0.96316
3.48	-0.337701	-0.95988
3.49	-0.347299	-0.956503
3.5	-0.356864	-0.95303
3.51	-0.366395	-0.949461
3.52	-0.375889	-0.945797
3.53	-0.385347	-0.942038
3.54	-0.394768	-0.938185
3.55	-0.40415	-0.934237
3.56	-0.413492	-0.930196
3.57	-0.422794	-0.926061
3.58	-0.432055	-0.921833
3.59	-0.441273	-0.917512
3.6	-0.450448	-0.913099
3.61	-0.459579	-0.908595
3.62	-0.468665	-0.903999
3.63	-0.477705	-0.899313
3.64	-0.486698	-0.894535
3.65	-0.495643	-0.889669
3.66	-0.50454	-0.884712
3.67	-0.513387	-0.879667
3.68	-0.522184	-0.874533
3.69	-0.530929	-0.869311
3.7	-0.539622	-0.864002
3.71	-0.548262	-0.858605
3.72	-0.556848	-0.853123
3.73	-0.56538	-0.847554
3.74	-0.573855	-0.841901
3.75	-0.582274	-0.836162
3.76	-0.590636	-0.830339
3.77	-0.598939	-0.824433
3.78	-0.607183	-0.818444
3.79	-0.615368	-0.812372
3.8	-0.623492	-0.806218
3.81	-0.631554	-0.799983
3.82	-0.639554	-0.793668
3.83	-0.64749	-0.787272
3.84	-0.655363	-0.780797
3.85	-0.663171	-0.774243
3.86	-0.670913	-0.767612
3.87	-0.67859	-0.760903
3.88	-0.686199	-0.754117
3.89	-0.69374	-0.747255
3.9	-0.701212	-0.740317
3.91	-0.708615	-0.733305
3.92	-0.715949	-0.726219
3.93	-0.723211	-0.71906
3.94	-0.730401	-0.711827
3.95	-0.73752	-0.704523
3.96	-0.744565	-0.697148
3.97	-0.751536	-0.689703
3.98	-0.758433	-0.682187
3.99	-0.765255	-0.674603
4	-0.772001	-0.66695
4.01	-0.778671	-0.65923
4.02	-0.785263	-0.651444
4.03	-0.791777	-0.643591
4.04	-0.798213	-0.635673
4.05	-0.80457	-0.627691
4.06	-0.810847	-0.619645
4.07	-0.817043	-0.611537
4.08	-0.823159	-0.603366
4.09	-0.829193	-0.595135
4.1	-0.835144	-0.586843
4.11	-0.841012	-0.578492
4.12	-0.846797	-0.570081
4.13	-0.852498	-0.561613
4.14	-0.858114	-0.553088
4.15	-0.863645	-0.544507
4.16	-0.86909	-0.535871
4.17	-0.874449	-0.52718
4.18	-0.879721	-0.518435
4.19	-0.884905	-0.509638
4.2	-0.890001	-0.500789
4.21	-0.895009	-0.491889
4.22	-0.899928	-0.482939
4.23	-0.904758	-0.47394
4.24	-0.909497	-0.464892
4.25	-0.914146	-0.455797
4.26	-0.918704	-0.446656
4.27	-0.92317	-0.437469
4.28	-0.927545	-0.428237
4.29	-0.931827	-0.418962
4.3	-0.936017	-0.409643
4.31	-0.940114	-0.400283
4.32	-0.944116	-0.390882
4.33	-0.948025	-0.381441
4.34	-0.95184	-0.371961
4.35	-0.955559	-0.362442
4.36	-0.959184	-0.352887
4.37	-0.962712	-0.343295
4.38	-0.966145	-0.333668
4.39	-0.969482	-0.324006
4.4	-0.972722	-0.314311
4.41	-0.975865	-0.304584
4.42	-0.978911	-0.294826
4.43	-0.981859	-0.285036
4.44	-0.98471	-0.275218
4.45	-0.987462	-0.265371
4.46	-0.990116	-0.255496
4.47	-0.992671	-0.245595
4.48	-0.995127	-0.235668
4.49	-0.997483	-0.225717
4.5	-0.99974	-0.215742
4.51	-1.0019	-0.205745
4.52	-1.00396	-0.195726
4.53	-1.00591	-0.185686
4.54	-1.00777	-0.175627
4.55	-1.00953	-0.165549
4.56	-1.01118	-0.155454
4.57	-1.01274	-0.145342
4.58	-1.01419	-0.135215
4.59	-1.01554	-0.125073
4.6	-1.01679	-0.114918
4.61	-1.01794	-0.10475
4.62	-1.01899	-0.0945704
4.63	-1.01993	-0.0843805
4.64	-1.02078	-0.0741811
4.65	-1.02152	-0.0639734
4.66	-1.02216	-0.0537582
4.67	-1.0227	-0.0435366
4.68	-1.02313	-0.0333096
4.69	-1.02347	-0.0230783
4.7	-1.0237	-0.0128436
4.71	-1.02382	-0.00260663
4.72	-1.02385	0.00763162
4.73	-1.02377	0.0178701
4.74	-1.0236	0.0281079
4.75	-1.02331	0.0383438
4.76	-1.02293	0.048577
4.77	-1.02245	0.0588063
4.78	-1.02186	0.0690308
4.79	-1.02117	0.0792493
4.8	-1.02037	0.089461
4.81	-1.01948	0.0996648
4.82	-1.01848	0.10986
4.83	-1.01739	0.120044
4.84	-1.01618	0.130218
4.85	-1.01488	0.14038
4.86	-1.01348	0.150529
4.87	-1.01197	0.160664
4.88	-1.01037	0.170783
4.89	-1.00866	0.180887
4.9	-1.00685	0.190974
4.91	-1.00494	0.201042
4.92	-1.00293	0.211092
4.93	-1.00082	0.221121
4.94	-0.998608	0.231129
4.95	-0.996296	0.241115
4.96	-0.993885	0.251078
4.97	-0.991374	0.261017
4.98	-0.988764	0.270931
4.99	-0.986055	0.280818
5	-0.983247	0.290679
5.01	-0.98034	0.300511
5.02	-0.977335	0.310315
5.03	-0.974232	0.320088
5.04	-0.971031	0.32983
5.05	-0.967733	0.339541
5.06	-0.964337	0.349218
5.07	-0.960845	0.358861
5.08	-0.957256	0.36847
5.09	-0.953572	0.378042
5.1	-0.949791	0.387578
5.11	-0.945915	0.397076
5.12	-0.941945	0.406535
5.13	-0.937879	0.415955
5.14	-0.93372	0.425333
5.15	-0.929466	0.434671
5.16	-0.92512	0.443965
5.17	-0.92068	0.453217
5.18	-0.916148	0.462423
5.19	-0.911524	0.471585
5.2	-0.906808	0.4807
5.21	-0.902001	0.489768
5.22	-0.897103	0.498788
5.23	-0.892115	0.507759
5.24	-0.887038	0.51668
5.25	-0.881871	0.525551
5.26	-0.876615	0.534369
5.27	-0.871272	0.543136
5.28	-0.86584	0.551848
5.29	-0.860322	0.560507
5.3	-0.854717	0.56911
5.31	-0.849026	0.577657
5.32	-0.843249	0.586147
5.33	-0.837388	0.59458
5.34	-0.831442	0.602954
5.35	-0.825412	0.611268
5.36	-0.8193	0.619522
5.37	-0.813104	0.627715
5.38	-0.806827	0.635846
5.39	-0.800469	0.643915
5.4	-0.79403	0.651919
5.41	-0.78751	0.65986
5.42	-0.780912	0.667735
5.43	-0.774234	0.675544
5.44	-0.767479	0.683286
5.45	-0.760646	0.690961
5.46	-0.753737	0.698567
5.47	-0.746751	0.706105
5.48	-0.73969	0.713572
5.49	-0.732554	0.720969
5.5	-0.725344	0.728295
5.51	-0.718062	0.735548
5.52	-0.710706	0.742729
5.53	-0.703279	0.749836
5.54	-0.69578	0.756869
5.55	-0.688212	0.763826
5.56	-0.680573	0.770708
5.57	-0.672866	0.777514
5.58	-0.665091	0.784243
5.59	-0.657249	0.790894
5.6	-0.64934	0.797466
5.61	-0.641365	0.80396
5.62	-0.633326	0.810373
5.63	-0.625222	0.816707
5.64	-0.617055	0.822959
5.65	-0.608825	0.829129
5.66	-0.600534	0.835218
5.67	-0.592182	0.841223
5.68	-0.583769	0.847145
5.69	-0.575298	0.852982
5.7	-0.566768	0.858735
5.71	-0.558181	0.864403
5.72	-0.549537	0.869985
5.73	-0.540837	0.87548
5.74	-0.532082	0.880889
5.75	-0.523273	0.88621
5.76	-0.514411	0.891442
5.77	-0.505497	0.896586
5.78	-0.496531	0.901641
5.79	-0.487515	0.906607
5.8	-0.478448	0.911482
5.81	-0.469334	0.916266
5.82	-0.460171	0.92096
5.83	-0.450961	0.925561
5.84	-0.441706	0.930071
5.85	-0.432405	0.934488
5.86	-0.42306	0.938812
5.87	-0.413672	0.943043
5.88	-0.404242	0.947179
5.89	-0.39477	0.951222
5.9	-0.385258	0.955169
5.91	-0.375706	0.959022
5.92	-0.366116	0.962779
5.93	-0.356488	0.96644
5.94	-0.346823	0.970005
5.95	-0.337123	0.973473
5.96	-0.327389	0.976845
5.97	-0.31762	0.980118
5.98	-0.307819	0.983295
5.99	-0.297986	0.986373
6	-0.288122	0.989353
6.01	-0.278229	0.992234
6.02	-0.268307	0.995016
6.03	-0.258356	0.997699
6.04	-0.248379	1.00028
6.05	-0.238377	1.00277
6.06	-0.228349	1.00515
6.07	-0.218297	1.00743
6.08	-0.208223	1.00962
6.09	-0.198127	1.0117
6.1	-0.18801	1.01368
6.11	-0.177873	1.01556
6.12	-0.167717	1.01734
6.13	-0.157544	1.01902
6.14	-0.147354	1.02059
6.15	-0.137148	1.02207
6.16	-0.126927	1.02344
6.17	-0.116693	1.02471
6.18	-0.106446	1.02587
6.19	-0.0961872	1.02694
6.2	-0.0859178	1.0279
6.21	-0.0756388	1.02876
6.22	-0.0653512	1.02951
6.23	-0.0550561	1.03017
6.24	-0.0447544	1.03072
6.25	-0.0344472	1.03117
6.26	-0.0241355	1.03151
6.27	-0.0138204	1.03175
6.28	-0.0035029	1.03189
6.29	0.00681601	1.03193
6.3	0.0171353	1.03186
6.31	0.0274538	1.03169
6.32	0.0377707	1.03141
6.33	0.0480848	1.03103
6.34	0.0583952	1.03055
6.35	0.0687007	1.02997
6.36	0.0790004	1.02928
6.37	0.0892932	1.02849
6.38	0.0995781	1.0276
6.39	0.109854	1.0266
6.4	0.12012	1.0255
6.41	0.130375	1.0243
6.42	0.140618	1.023
6.43	0.150848	1.02159
6.44	0.161064	1.02009
6.45	0.171265	1.01847
6.46	0.18145	1.01676
6.47	0.191617	1.01495
6.48	0.201767	1.01303
6.49	0.211897	1.01101
6.5	0.222007	1.00889
6.51	0.232096	1.00667
6.52	0.242163	1.00435
6.53	0.252207	1.00193
6.54	0.262226	0.99941
6.55	0.27222	0.996788
6.56	0.282188	0.994065
6.57	0.292128	0.991244
6.58	0.302041	0.988322
6.59	0.311924	0.985302
6.6	0.321777	0.982183
6.61	0.331599	0.978965
6.62	0.341389	0.975649
6.63	0.351145	0.972235
6.64	0.360867	0.968723
6.65	0.370555	0.965115
6.66	0.380206	0.961409
6.67	0.38982	0.957607
6.68	0.399396	0.953709
6.69	0.408933	0.949715
6.7	0.41843	0.945626
6.71	0.427887	0.941441
6.72	0.437301	0.937163
6.73	0.446673	0.93279
6.74	0.456	0.928323
6.75	0.465284	0.923763
6.76	0.474521	0.91911
6.77	0.483712	0.914365
6.78	0.492856	0.909528
6.79	0.501951	0.904599
6.8	0.510997	0.89958
6.81	0.519993	0.89447
6.82	0.528938	0.88927
6.83	0.537831	0.88398
6.84	0.54667	0.878602
6.85	0.555456	0.873135
6.86	0.564188	0.867581
6.87	0.572863	0.861939
6.88	0.581483	0.85621
6.89	0.590045	0.850395
6.9	0.598549	0.844495
6.91	0.606994	0.838509
6.92	0.615379	0.83244
6.93	0.623703	0.826286
6.94	0.631966	0.820049
6.95	0.640167	0.813729
6.96	0.648304	0.807327
6.97	0.656377	0.800844
6.98	0.664386	0.794281
6.99	0.672329	0.787637
7	0.680205	0.780913
7.01	0.688014	0.774111
7.02	0.695755	0.767231
7.03	0.703427	0.760274
7.04	0.71103	0.753239
7.05	0.718563	0.746129
7.06	0.726024	0.738943
7.07	0.733413	0.731683
7.08	0.74073	0.724349
7.09	0.747974	0.716942
7.1	0.755143	0.709462
7.11	0.762238	0.701911
7.12	0.769257	0.694288
7.13	0.7762	0.686596
7.14	0.783066	0.678834
7.15	0.789854	0.671003
7.16	0.796564	0.663104
7.17	0.803195	0.655139
7.18	0.809746	0.647107
7.19	0.816217	0.639009
7.2	0.822608	0.630847
7.21	0.828916	0.622621
7.22	0.835142	0.614332
7.23	0.841286	0.605981
7.24	0.847345	0.597568
7.25	0.853321	0.589094
7.26	0.859212	0.580561
7.27	0.865018	0.571969
7.28	0.870737	0.563319
7.29	0.87637	0.554611
7.3	0.881917	0.545848
7.31	0.887375	0.537029
7.32	0.892745	0.528155
7.33	0.898027	0.519227
7.34	0.903219	0.510247
7.35	0.908322	0.501215
7.36	0.913334	0.492132
7.37	0.918255	0.482998
7.38	0.923085	0.473816
7.39	0.927823	0.464585
7.4	0.932469	0.455307
7.41	0.937022	0.445982
7.42	0.941482	0.436612
7.43	0.945848	0.427197
7.44	0.95012	0.417738
7.45	0.954297	0.408237
7.46	0.95838	0.398694
7.47	0.962367	0.38911
7.48	0.966258	0.379487
7.49	0.970053	0.369824
7.5	0.973751	0.360124
7.51	0.977352	0.350386
7.52	0.980856	0.340613
7.53	0.984262	0.330804
7.54	0.98757	0.320961
7.55	0.99078	0.311086
7.56	0.993891	0.301178
7.57	0.996903	0.291239
7.58	0.999815	0.28127
7.59	1.00263	0.271272
7.6	1.00534	0.261246
7.61	1.00795	0.251192
7.62	1.01046	0.241113
7.63	1.01288	0.231008
7.64	1.01519	0.220879
7.65	1.01739	0.210727
7.66	1.0195	0.200553
7.67	1.02151	0.190358
7.68	1.02341	0.180143
7.69	1.02521	0.169909
7.7	1.02691	0.159657
7.71	1.02851	0.149388
7.72	1.03	0.139103
7.73	1.03139	0.128803
7.74	1.03268	0.118489
7.75	1.03387	0.108162
7.76	1.03495	0.0978235
7.77	1.03593	0.0874741
7.78	1.0368	0.0771148
7.79	1.03757	0.0667468
7.8	1.03824	0.0563711
7.81	1.0388	0.0459887
7.82	1.03926	0.0356007
7.83	1.03962	0.025208
7.84	1.03987	0.0148118
7.85	1.04002	0.00441312
7.86	1.04006	-0.00598707
7.87	1.04	-0.0163877
7.88	1.03984	-0.0267877
7.89	1.03957	-0.0371861
7.9	1.0392	-0.0475818
7.91	1.03872	-0.0579738
7.92	1.03814	-0.0683611
7.93	1.03746	-0.0787425
7.94	1.03667	-0.0891171
7.95	1.03578	-0.0994839
7.96	1.03479	-0.109842
7.97	1.03369	-0.12019
7.98	1.03249	-0.130526
7.99	1.03118	-0.140851
8	1.02977	-0.151163
8.01	1.02826	-0.161461
8.02	1.02665	-0.171743
8.03	1.02493	-0.18201
8.04	1.02311	-0.192259
8.05	1.02119	-0.20249
8.06	1.01916	-0.212702
8.07	1.01703	-0.222894
8.08	1.01481	-0.233064
8.09	1.01248	-0.243212
8.1	1.01004	-0.253337
8.11	1.00751	-0.263437
8.12	1.00488	-0.273512
8.13	1.00214	-0.283561
8.14	0.999305	-0.293583
8.15	0.996369	-0.303576
8.16	0.993333	-0.313539
8.17	0.990198	-0.323473
8.18	0.986963	-0.333375
8.19	0.983629	-0.343244
8.2	0.980197	-0.353081
8.21	0.976666	-0.362883
8.22	0.973037	-0.372649
8.23	0.969311	-0.38238
8.24	0.965487	-0.392073
8.25	0.961566	-0.401728
8.26	0.957549	-0.411343
8.27	0.953435	-0.420919
8.28	0.949226	-0.430453
8.29	0.944922	-0.439945
8.3	0.940522	-0.449395
8.31	0.936028	-0.4588
8.32	0.93144	-0.46816
8.33	0.926759	-0.477474
8.34	0.921984	-0.486742
8.35	0.917116	-0.495962
8.36	0.912157	-0.505133
8.37	0.907105	-0.514255
8.38	0.901963	-0.523326
8.39	0.89673	-0.532345
8.4	0.891406	-0.541313
8.41	0.885993	-0.550227
8.42	0.880491	-0.559087
8.43	0.8749	-0.567891
8.44	0.869221	-0.57664
8.45	0.863455	-0.585333
8.46	0.857601	-0.593967
8.47	0.851662	-0.602543
8.48	0.845636	-0.61106
8.49	0.839526	-0.619516
8.5	0.83333	-0.627911
8.51	0.827051	-0.636245
8.52	0.820689	-0.644515
8.53	0.814244	-0.652722
8.54	0.807716	-0.660865
8.55	0.801108	-0.668942
8.56	0.794418	-0.676953
8.57	0.787649	-0.684897
8.58	0.7808	-0.692774
8.59	0.773872	-0.700582
8.6	0.766866	-0.70832
8.61	0.759783	-0.715989
8.62	0.752623	-0.723587
8.63	0.745387	-0.731113
8.64	0.738076	-0.738567
8.65	0.730691	-0.745948
8.66	0.723231	-0.753255
8.67	0.715699	-0.760487
8.68	0.708094	-0.767644
8.69	0.700417	-0.774725
8.7	0.69267	-0.781729
8.71	0.684853	-0.788656
8.72	0.676966	-0.795504
8.73	0.669011	-0.802274
8.74	0.660988	-0.808964
8.75	0.652899	-0.815574
8.76	0.644743	-0.822103
8.77	0.636522	-0.82855
8.78	0.628237	-0.834915
8.79	0.619887	-0.841198
8.8	0.611475	-0.847397
8.81	0.603001	-0.853511
8.82	0.594466	-0.859541
8.83	0.585871	-0.865486
8.84	0.577216	-0.871345
8.85	0.568503	-0.877117
8.86	0.559731	-0.882802
8.87	0.550903	-0.888399
8.88	0.542019	-0.893908
8.89	0.53308	-0.899329
8.9	0.524087	-0.904659
8.91	0.51504	-0.9099
8.92	0.505941	-0.915051
8.93	0.496791	-0.92011
8.94	0.48759	-0.925078
8.95	0.478339	-0.929954
8.96	0.46904	-0.934737
8.97	0.459692	-0.939428
8.98	0.450298	-0.944025
8.99	0.440858	-0.948528
9	0.431372	-0.952936
9.01	0.421843	-0.95725
9.02	0.41227	-0.961468
9.03	0.402656	-0.965591
9.04	0.393	-0.969618
9.05	0.383304	-0.973548
9.06	0.373568	-0.977381
9.07	0.363794	-0.981116
9.08	0.353983	-0.984754
9.09	0.344136	-0.988294
9.1	0.334253	-0.991735
9.11	0.324335	-0.995078
9.12	0.314385	-0.998321
9.13	0.304401	-1.00147
9.14	0.294387	-1.00451
9.15	0.284342	-1.00745
9.16	0.274267	-1.0103
9.17	0.264164	-1.01304
9.18	0.254034	-1.01568
9.19	0.243877	-1.01822
9.2	0.233695	-1.02066
9.21	0.223488	-1.023
9.22	0.213258	-1.02523
9.23	0.203006	-1.02736
9.24	0.192732	-1.02939
9.25	0.182438	-1.03132
9.26	0.172125	-1.03315
9.27	0.161794	-1.03487
9.28	0.151445	-1.03649
9.29	0.14108	-1.038
9.3	0.1307	-1.03941
9.31	0.120306	-1.04072
9.32	0.109899	-1.04192
9.33	0.0994796	-1.04302
9.34	0.0890494	-1.04401
9.35	0.0786093	-1.0449
9.36	0.0681602	-1.04569
9.37	0.0577033	-1.04637
9.38	0.0472396	-1.04695
9.39	0.0367701	-1.04742
9.4	0.0262959	-1.04779
9.41	0.015818	-1.04805
9.42	0.00533747	-1.04821
9.43	-0.00514463	-1.04826
9.44	-0.0156273	-1.04821
9.45	-0.0261094	-1.04806
9.46	-0.03659	-1.0478
9.47	-0.0470679	-1.04743
9.48	-0.0575422	-1.04696
9.49	-0.0680118	-1.04638
9.5	-0.0784756	-1.0457
9.51	-0.0889327	-1.04492
9.52	-0.0993819	-1.04403
9.53	-0.109822	-1.04304
9.54	-0.120252	-1.04194
9.55	-0.130672	-1.04073
9.56	-0.141079	-1.03943
9.57	-0.151473	-1.03802
9.58	-0.161854	-1.0365
9.59	-0.172219	-1.03488
9.6	-0.182568	-1.03316
9.61	-0.192899	-1.03134
9.62	-0.203212	-1.02941
9.63	-0.213507	-1.02737
9.64	-0.22378	-1.02524
9.65	-0.234033	-1.023
9.66	-0.244263	-1.02066
9.67	-0.254469	-1.01822
9.68	-0.264652	-1.01567
9.69	-0.274808	-1.01303
9.7	-0.284939	-1.01028
9.71	-0.295041	-1.00743
9.72	-0.305116	-1.00448
9.73	-0.31516	-1.00143
9.74	-0.325175	-0.998277
9.75	-0.335158	-0.995025
9.76	-0.345108	-0.991674
9.77	-0.355025	-0.988223
9.78	-0.364907	-0.984672
9.79	-0.374753	-0.981023
9.8	-0.384564	-0.977276
9.81	-0.394336	-0.97343
9.82	-0.404071	-0.969487
9.83	-0.413766	-0.965446
9.84	-0.42342	-0.961309
9.85	-0.433033	-0.957074
9.86	-0.442604	-0.952744
9.87	-0.452131	-0.948318
9.88	-0.461615	-0.943797
9.89	-0.471052	-0.93918
9.9	-0.480444	-0.93447
9.91	-0.489789	-0.929666
9.92	-0.499086	-0.924768
9.93	-0.508333	-0.919777
9.94	-0.517531	-0.914693
9.95	-0.526678	-0.909518
9.96	-0.535773	-0.904251
9.97	-0.544816	-0.898894
9.98	-0.553805	-0.893445
9.99	-0.562739	-0.887907
10	-0.571618	-0.88228
10.01	-0.580441	-0.876564
10.02	-0.589207	-0.870759
10.03	-0.597914	-0.864867
10.04	-0.606563	-0.858888
10.05	-0.615152	-0.852823
10.06	-0.62368	-0.846671
10.07	-0.632147	-0.840434
10.08	-0.640551	-0.834113
10.09	-0.648892	-0.827707
10.1	-0.657169	-0.821218
10.11	-0.665381	-0.814647
10.12	-0.673528	-0.807993
10.13	-0.681608	-0.801258
10.14	-0.68962	-0.794442
10.15	-0.697565	-0.787545
10.16	-0.70544	-0.78057
10.17	-0.713246	-0.773515
10.18	-0.720981	-0.766383
10.19	-0.728645	-0.759173
10.2	-0.736237	-0.751887
10.21	-0.743756	-0.744524
10.22	-0.751201	-0.737087
10.23	-0.758572	-0.729575
10.24	-0.765867	-0.721989
10.25	-0.773087	-0.71433
10.26	-0.780231	-0.706599
10.27	-0.787297	-0.698797
10.28	-0.794285	-0.690924
10.29	-0.801194	-0.682981
10.3	-0.808024	-0.674969
10.31	-0.814773	-0.666889
10.32	-0.821442	-0.658741
10.33	-0.82803	-0.650527
10.34	-0.834535	-0.642247
10.35	-0.840957	-0.633901
10.36	-0.847296	-0.625492
10.37	-0.853551	-0.617019
10.38	-0.859721	-0.608483
10.39	-0.865806	-0.599886
10.4	-0.871805	-0.591228
10.41	-0.877717	-0.58251
10.42	-0.883543	-0.573733
10.43	-0.88928	-0.564897
10.44	-0.894929	-0.556004
10.45	-0.900489	-0.547055
10.46	-0.905959	-0.53805
10.47	-0.91134	-0.528991
10.48	-0.91663	-0.519877
10.49	-0.921829	-0.510711
10.5	-0.926936	-0.501493
10.51	-0.931951	-0.492223
10.52	-0.936873	-0.482904
10.53	-0.941702	-0.473535
10.54	-0.946437	-0.464118
10.55	-0.951078	-0.454654
10.56	-0.955625	-0.445143
10.57	-0.960076	-0.435587
10.58	-0.964432	-0.425986
10.59	-0.968692	-0.416342
10.6	-0.972856	-0.406655
10.61	-0.976922	-0.396926
10.62	-0.980891	-0.387157
10.63	-0.984763	-0.377348
10.64	-0.988536	-0.3675
10.65	-0.992211	-0.357615
10.66	-0.995788	-0.347693
10.67	-0.999265	-0.337735
10.68	-1.00264	-0.327742
10.69	-1.00592	-0.317716
10.7	-1.0091	-0.307657
10.71	-1.01217	-0.297566
10.72	-1.01515	-0.287444
10.73	-1.01802	-0.277293
10.74	-1.0208	-0.267112
10.75	-1.02347	-0.256904
10.76	-1.02604	-0.24667
10.77	-1.0285	-0.236409
10.78	-1.03087	-0.226124
10.79	-1.03313	-0.215816
10.8	-1.03529	-0.205484
10.81	-1.03734	-0.195132
10.82	-1.03929	-0.184758
10.83	-1.04114	-0.174365
10.84	-1.04288	-0.163954
10.85	-1.04452	-0.153525
10.86	-1.04606	-0.14308
10.87	-1.04749	-0.132619
10.88	-1.04882	-0.122144
10.89	-1.05004	-0.111656
10.9	-1.05115	-0.101156
10.91	-1.05217	-0.0906441
10.92	-1.05307	-0.0801225
10.93	-1.05387	-0.0695918
10.94	-1.05457	-0.0590531
10.95	-1.05516	-0.0485074
10.96	-1.05564	-0.0379558
10.97	-1.05602	-0.0273993
10.98	-1.0563	-0.0168391
10.99	-1.05647	-0.00627612
11	-1.05653	0.00428855
11.01	-1.05649	0.0148538
11.02	-1.05634	0.0254187
11.03	-1.05608	0.0359821
11.04	-1.05572	0.0465429
11.05	-1.05526	0.0571001
11.06	-1.05469	0.0676527
11.07	-1.05401	0.0781996
11.08	-1.05323	0.0887397
11.09	-1.05234	0.099272
11.1	-1.05135	0.109795
11.11	-1.05025	0.120309
11.12	-1.04905	0.130811
11.13	-1.04774	0.141302
11.14	-1.04633	0.151779
11.15	-1.04481	0.162243
11.16	-1.04319	0.172691
11.17	-1.04146	0.183122
11.18	-1.03963	0.193537
11.19	-1.03769	0.203933
11.2	-1.03565	0.21431
11.21	-1.03351	0.224667
11.22	-1.03126	0.235002
11.23	-1.02891	0.245315
11.24	-1.02646	0.255604
11.25	-1.0239	0.265868
11.26	-1.02125	0.276107
11.27	-1.01848	0.28632
11.28	-1.01562	0.296505
11.29	-1.01266	0.306661
11.3	-1.00959	0.316787
11.31	-1.00642	0.326883
11.32	-1.00315	0.336948
11.33	-0.999784	0.346979
11.34	-0.996314	0.356977
11.35	-0.992744	0.36694
11.36	-0.989075	0.376867
11.37	-0.985306	0.386758
11.38	-0.981438	0.396611
11.39	-0.977472	0.406426
11.4	-0.973408	0.4162
11.41	-0.969246	0.425934
11.42	-0.964987	0.435627
11.43	-0.96063	0.445277
11.44	-0.956178	0.454883
11.45	-0.951629	0.464445
11.46	-0.946984	0.473961
11.47	-0.942245	0.483431
11.48	-0.93741	0.492853
11.49	-0.932482	0.502228
11.5	-0.92746	0.511552
11.51	-0.922344	0.520827
11.52	-0.917136	0.53005
11.53	-0.911835	0.539222
11.54	-0.906443	0.54834
11.55	-0.90096	0.557405
11.56	-0.895386	0.566414
11.57	-0.889721	0.575368
11.58	-0.883968	0.584265
11.59	-0.878125	0.593105
11.6	-0.872194	0.601886
11.61	-0.866175	0.610608
11.62	-0.860069	0.61927
11.63	-0.853876	0.62787
11.64	-0.847598	0.636409
11.65	-0.841234	0.644885
11.66	-0.834785	0.653298
11.67	-0.828252	0.661645
11.68	-0.821635	0.669928
11.69	-0.814936	0.678144
11.7	-0.808155	0.686294
11.71	-0.801292	0.694375
11.72	-0.794348	0.702388
11.73	-0.787324	0.710332
11.74	-0.780221	0.718205
11.75	-0.773039	0.726007
11.76	-0.765779	0.733737
11.77	-0.758441	0.741395
11.78	-0.751027	0.74898
11.79	-0.743537	0.75649
11.8	-0.735973	0.763925
11.81	-0.728333	0.771285
11.82	-0.72062	0.778568
11.83	-0.712835	0.785775
11.84	-0.704977	0.792903
11.85	-0.697048	0.799953
11.86	-0.689048	0.806923
11.87	-0.680979	0.813814
11.88	-0.672841	0.820623
11.89	-0.664635	0.827352
11.9	-0.656361	0.833998
11.91	-0.648021	0.840562
11.92	-0.639616	0.847042
11.93	-0.631145	0.853438
11.94	-0.622611	0.85975
11.95	-0.614013	0.865976
11.96	-0.605354	0.872116
11.97	-0.596633	0.878169
11.98	-0.587851	0.884136
11.99	-0.57901	0.890014
12	-0.570109	0.895804
12.01	-0.561151	0.901505
12.02	-0.552136	0.907117
12.03	-0.543065	0.912638
12.04	-0.533939	0.918069
12.05	-0.524758	0.923408
12.06	-0.515524	0.928656
12.07	-0.506237	0.933811
12.08	-0.496899	0.938874
12.09	-0.487511	0.943843
12.1	-0.478072	0.948718
12.11	-0.468585	0.953498
12.12	-0.45905	0.958184
12.13	-0.449468	0.962775
12.14	-0.43984	0.967269
12.15	-0.430168	0.971668
12.16	-0.420451	0.975969
12.17	-0.410691	0.980174
12.18	-0.40089	0.984281
12.19	-0.391047	0.98829
12.2	-0.381164	0.9922
12.21	-0.371242	0.996012
12.22	-0.361282	0.999724
12.23	-0.351284	1.00334
12.24	-0.341251	1.00685
12.25	-0.331183	1.01026
12.26	-0.32108	1.01357
12.27	-0.310944	1.01679
12.28	-0.300776	1.01989
12.29	-0.290577	1.0229
12.3	-0.280348	1.02581
12.31	-0.27009	1.02861
12.32	-0.259804	1.03131
12.33	-0.249491	1.03391
12.34	-0.239152	1.03641
12.35	-0.228788	1.0388
12.36	-0.2184	1.04108
12.37	-0.207989	1.04327
12.38	-0.197556	1.04535
12.39	-0.187103	1.04732
12.4	-0.17663	1.0492
12.41	-0.166138	1.05096
12.42	-0.155628	1.05262
12.43	-0.145102	1.05418
12.44	-0.13456	1.05563
12.45	-0.124004	1.05698
12.46	-0.113434	1.05822
12.47	-0.102852	1.05935
12.48	-0.0922584	1.06038
12.49	-0.0816546	1.0613
12.5	-0.0710416	1.06212
12.51	-0.0604204	1.06283
12.52	-0.0497921	1.06343
12.53	-0.0391578	1.06393
12.54	-0.0285185	1.06432
12.55	-0.0178753	1.06461
12.56	-0.00722922	1.06479
12.57	0.00341864	1.06486
12.58	0.0140672	1.06482
12.59	0.0247155	1.06468
12.6	0.0353623	1.06444
12.61	0.0460067	1.06408
12.62	0.0566475	1.06362
12.63	0.0672837	1.06306
12.64	0.0779143	1.06238
12.65	0.0885381	1.0616
12.66	0.0991542	1.06072
12.67	0.109761	1.05973
12.68	0.120359	1.05863
12.69	0.130945	1.05743
12.7	0.141519	1.05612
12.71	0.15208	1.0547
12.72	0.162627	1.05318
12.73	0.173159	1.05155
12.74	0.183675	1.04982
12.75	0.194173	1.04799
12.76	0.204653	1.04604
12.77	0.215113	1.044
12.78	0.225553	1.04185
12.79	0.235972	1.03959
12.8	0.246368	1.03723
12.81	0.25674	1.03477
12.82	0.267088	1.0322
12.83	0.27741	1.02953
12.84	0.287705	1.02676
12.85	0.297972	1.02388
12.86	0.308211	1.0209
12.87	0.31842	1.01782
12.88	0.328598	1.01463
12.89	0.338745	1.01135
12.9	0.348858	1.00796
12.91	0.358938	1.00447
12.92	0.368982	1.00088
12.93	0.378991	0.997191
12.94	0.388963	0.993401
12.95	0.398897	0.989511
12.96	0.408792	0.985522
12.97	0.418647	0.981435
12.98	0.428462	0.977248
12.99	0.438234	0.972963
13	0.447964	0.968581
13.01	0.45765	0.964101
13.02	0.467291	0.959525
13.03	0.476886	0.954852
13.04	0.486435	0.950083
13.05	0.495935	0.945219
13.06	0.505388	0.940259
13.07	0.51479	0.935206
13.08	0.524142	0.930058
13.09	0.533443	0.924816
13.1	0.542691	0.919482
13.11	0.551886	0.914055
13.12	0.561026	0.908536
13.13	0.570112	0.902926
13.14	0.579141	0.897225
13.15	0.588113	0.891433
13.16	0.597028	0.885552
13.17	0.605883	0.879582
13.18	0.614679	0.873523
13.19	0.623414	0.867376
13.2	0.632088	0.861142
13.21	0.640699	0.854821
13.22	0.649247	0.848414
13.23	0.657732	0.841922
13.24	0.666151	0.835344
13.25	0.674504	0.828683
13.26	0.682791	0.821938
13.27	0.69101	0.81511
13.28	0.699162	0.8082
13.29	0.707244	0.801208
13.3	0.715256	0.794136
13.31	0.723197	0.786983
13.32	0.731067	0.779751
13.33	0.738864	0.772441
13.34	0.746589	0.765052
13.35	0.754239	0.757586
13.36	0.761815	0.750044
13.37	0.769316	0.742426
13.38	0.77674	0.734732
13.39	0.784087	0.726965
13.4	0.791357	0.719124
13.41	0.798548	0.711211
13.42	0.80566	0.703225
13.43	0.812692	0.695168
13.44	0.819644	0.687042
13.45	0.826515	0.678845
13.46	0.833303	0.67058
13.47	0.840009	0.662247
13.48	0.846631	0.653847
13.49	0.85317	0.645381
13.5	0.859624	0.636849
13.51	0.865992	0.628253
13.52	0.872275	0.619593
13.53	0.87847	0.61087
13.54	0.884579	0.602085
13.55	0.8906	0.593239
13.56	0.896532	0.584333
13.57	0.902376	0.575368
13.58	0.908129	0.566344
13.59	0.913793	0.557263
13.6	0.919366	0.548125
13.61	0.924847	0.538931
13.62	0.930236	0.529683
13.63	0.935533	0.520381
13.64	0.940737	0.511025
13.65	0.945847	0.501618
13.66	0.950863	0.49216
13.67	0.955785	0.482651
13.68	0.960611	0.473093
13.69	0.965342	0.463487
13.7	0.969977	0.453833
13.71	0.974515	0.444134
13.72	0.978957	0.434389
13.73	0.983301	0.424599
13.74	0.987547	0.414766
13.75	0.991694	0.404891
13.76	0.995743	0.394974
13.77	0.999693	0.385016
13.78	1.00354	0.375019
13.79	1.00729	0.364984
13.8	1.01094	0.354911
13.81	1.01449	0.344801
13.82	1.01794	0.334657
13.83	1.02129	0.324477
13.84	1.02453	0.314264
13.85	1.02767	0.304019
13.86	1.03071	0.293742
13.87	1.03365	0.283435
13.88	1.03649	0.273099
13.89	1.03922	0.262734
13.9	1.04184	0.252341
13.91	1.04437	0.241923
13.92	1.04679	0.231479
13.93	1.0491	0.221011
13.94	1.05131	0.21052
13.95	1.05342	0.200007
13.96	1.05542	0.189473
13.97	1.05731	0.178919
13.98	1.0591	0.168346
13.99	1.06078	0.157755
14	1.06236	0.147147
14.01	1.06383	0.136523
14.02	1.0652	0.125885
14.03	1.06646	0.115233
14.04	1.06761	0.104569
14.05	1.06866	0.0938924
14.06	1.06959	0.0832058
14.07	1.07043	0.0725099
14.08	1.07115	0.0618056
14.09	1.07177	0.0510941
14.1	1.07228	0.0403764
14.11	1.07268	0.0296536
14.12	1.07298	0.0189268
14.13	1.07317	0.00819694
14.14	1.07325	-0.00253476
14.15	1.07323	-0.0132673
14.16	1.07309	-0.0239996
14.17	1.07285	-0.0347305
14.18	1.07251	-0.045459
14.19	1.07205	-0.0561841
14.2	1.07149	-0.0669046
14.21	1.07082	-0.0776195
14.22	1.07005	-0.0883278
14.23	1.06916	-0.0990282
14.24	1.06817	-0.10972
14.25	1.06707	-0.120402
14.26	1.06587	-0.131072
14.27	1.06456	-0.141731
14.28	1.06314	-0.152377
14.29	1.06162	-0.163008
14.3	1.05999	-0.173624
14.31	1.05825	-0.184224
14.32	1.05641	-0.194807
14.33	1.05446	-0.205371
14.34	1.05241	-0.215915
14.35	1.05025	-0.226439
14.36	1.04798	-0.236942
14.37	1.04562	-0.247422
14.38	1.04314	-0.257878
14.39	1.04056	-0.268309
14.4	1.03788	-0.278715
14.41	1.03509	-0.289094
14.42	1.0322	-0.299445
14.43	1.02921	-0.309767
14.44	1.02611	-0.320059
14.45	1.02291	-0.33032
14.46	1.01961	-0.340549
14.47	1.0162	-0.350745
14.48	1.01269	-0.360907
14.49	1.00908	-0.371034
14.5	1.00537	-0.381125
14.51	1.00156	-0.391179
14.52	0.99765	-0.401194
14.53	0.993638	-0.411171
14.54	0.989526	-0.421107
14.55	0.985315	-0.431002
14.56	0.981005	-0.440855
14.57	0.976597	-0.450665
14.58	0.97209	-0.460431
14.59	0.967486	-0.470152
14.6	0.962784	-0.479827
14.61	0.957986	-0.489455
14.62	0.953091	-0.499035
14.63	0.948101	-0.508566
14.64	0.943015	-0.518047
14.65	0.937835	-0.527477
14.66	0.93256	-0.536855
14.67	0.927192	-0.546181
14.68	0.92173	-0.555453
14.69	0.916175	-0.56467
14.7	0.910529	-0.573832
14.71	0.90479	-0.582937
14.72	0.898961	-0.591985
14.73	0.893041	-0.600975
14.74	0.887031	-0.609905
14.75	0.880932	-0.618775
14.76	0.874745	-0.627585
14.77	0.868469	-0.636332
14.78	0.862105	-0.645017
14.79	0.855655	-0.653638
14.8	0.849119	-0.662194
14.81	0.842497	-0.670686
14.82	0.83579	-0.679111
14.83	0.828999	-0.687469
14.84	0.822124	-0.695759
14.85	0.815167	-0.70398
14.86	0.808127	-0.712131
14.87	0.801006	-0.720213
14.88	0.793803	-0.728223
14.89	0.786521	-0.736161
14.9	0.77916	-0.744026
14.91	0.771719	-0.751818
14.92	0.764201	-0.759535
14.93	0.756606	-0.767177
14.94	0.748934	-0.774743
14.95	0.741187	-0.782232
14.96	0.733364	-0.789644
14.97	0.725468	-0.796978
14.98	0.717498	-0.804232
14.99	0.709456	-0.811407
15	0.701342	-0.818502
15.01	0.693157	-0.825515
15.02	0.684901	-0.832447
15.03	0.676577	-0.839296
15.04	0.668184	-0.846062
15.05	0.659723	-0.852744
15.06	0.651196	-0.859341
15.07	0.642603	-0.865853
15.08	0.633944	-0.872279
15.09	0.625221	-0.878618
15.1	0.616435	-0.88487
15.11	0.607586	-0.891035
15.12	0.598676	-0.897111
15.13	0.589705	-0.903097
15.14	0.580674	-0.908994
15.15	0.571584	-0.914801
15.16	0.562436	-0.920517
15.17	0.553231	-0.926141
15.18	0.543969	-0.931674
15.19	0.534653	-0.937113
15.2	0.525282	-0.94246
15.21	0.515857	-0.947713
15.22	0.50638	-0.952871
15.23	0.496851	-0.957935
15.24	0.487272	-0.962904
15.25	0.477643	-0.967776
15.26	0.467965	-0.972553
15.27	0.458239	-0.977232
15.28	0.448467	-0.981815
15.29	0.438649	-0.986299
15.3	0.428786	-0.990686
15.31	0.418879	-0.994974
15.32	0.408929	-0.999163
15.33	0.398938	-1.00325
15.34	0.388905	-1.00724
15.35	0.378833	-1.01113
15.36	0.368721	-1.01492
15.37	0.358572	-1.01861
15.38	0.348386	-1.02219
15.39	0.338164	-1.02568
15.4	0.327908	-1.02906
15.41	0.317617	-1.03234
15.42	0.307294	-1.03551
15.43	0.296939	-1.03859
15.44	0.286553	-1.04155
15.45	0.276137	-1.04442
15.46	0.265693	-1.04718
15.47	0.255221	-1.04984
15.48	0.244723	-1.05239
15.49	0.234199	-1.05484
15.5	0.22365	-1.05718
15.51	0.213079	-1.05942
15.52	0.202484	-1.06155
15.53	0.191869	-1.06357
15.54	0.181233	-1.06549
15.55	0.170578	-1.0673
15.56	0.159905	-1.06901
15.57	0.149215	-1.07061
15.58	0.138509	-1.0721
15.59	0.127788	-1.07349
15.6	0.117053	-1.07476
15.61	0.106306	-1.07593
15.62	0.0955464	-1.077
15.63	0.0847764	-1.07795
15.64	0.0739969	-1.0788
15.65	0.0632089	-1.07954
15.66	0.0524135	-1.08017
15.67	0.0416117	-1.0807
15.68	0.0308048	-1.08111
15.69	0.0199937	-1.08142
15.7	0.00917947	-1.08162
15.71	-0.00163674	-1.08171
15.72	-0.0124539	-1.0817
15.73	-0.0232708	-1.08157
15.74	-0.0340865	-1.08134
15.75	-0.0448999	-1.081
15.76	-0.0557099	-1.08055
15.77	-0.0665154	-1.07999
15.78	-0.0773153	-1.07933
15.79	-0.0881085	-1.07855
15.8	-0.0988941	-1.07767
15.81	-0.109671	-1.07668
15.82	-0.120438	-1.07559
15.83	-0.131193	-1.07438
15.84	-0.141937	-1.07307
15.85	-0.152668	-1.07165
15.86	-0.163385	-1.07012
15.87	-0.174086	-1.06849
15.88	-0.184771	-1.06675
15.89	-0.195438	-1.0649
15.9	-0.206087	-1.06295
15.91	-0.216717	-1.06089
15.92	-0.227325	-1.05872
15.93	-0.237913	-1.05645
15.94	-0.248477	-1.05407
15.95	-0.259018	-1.05158
15.96	-0.269534	-1.04899
15.97	-0.280024	-1.0463
15.98	-0.290487	-1.0435
15.99	-0.300921	-1.04059
16	-0.311327	-1.03758
16.01	-0.321703	-1.03447
16.02	-0.332048	-1.03125
16.03	-0.34236	-1.02793
16.04	-0.35264	-1.02451
16.05	-0.362885	-1.02098
16.06	-0.373095	-1.01735
16.07	-0.383268	-1.01362
16.08	-0.393404	-1.00979
16.09	-0.403502	-1.00585
16.1	-0.413561	-1.00182
16.11	-0.423579	-0.997684
16.12	-0.433556	-0.993448
16.13	-0.44349	-0.989113
16.14	-0.453381	-0.984678
16.15	-0.463228	-0.980144
16.16	-0.47303	-0.975512
16.17	-0.482785	-0.970782
16.18	-0.492493	-0.965954
16.19	-0.502152	-0.961029
16.2	-0.511762	-0.956007
16.21	-0.521323	-0.95089
16.22	-0.530831	-0.945676
16.23	-0.540288	-0.940368
16.24	-0.549692	-0.934965
16.25	-0.559042	-0.929468
16.26	-0.568336	-0.923878
16.27	-0.577575	-0.918195
16.28	-0.586757	-0.912419
16.29	-0.595881	-0.906551
16.3	-0.604947	-0.900592
16.31	-0.613953	-0.894543
16.32	-0.622898	-0.888403
16.33	-0.631782	-0.882174
16.34	-0.640604	-0.875857
16.35	-0.649362	-0.869451
16.36	-0.658057	-0.862957
16.37	-0.666686	-0.856376
16.38	-0.67525	-0.84971
16.39	-0.683747	-0.842957
16.4	-0.692177	-0.83612
16.41	-0.700538	-0.829198
16.42	-0.70883	-0.822192
16.43	-0.717052	-0.815104
16.44	-0.725203	-0.807934
16.45	-0.733282	-0.800682
16.46	-0.741289	-0.793349
16.47	-0.749223	-0.785936
16.48	-0.757082	-0.778444
16.49	-0.764866	-0.770873
16.5	-0.772575	-0.763224
16.51	-0.780207	-0.755498
16.52	-0.787762	-0.747696
16.53	-0.795239	-0.739819
16.54	-0.802637	-0.731866
16.55	-0.809956	-0.72384
16.56	-0.817195	-0.71574
16.57	-0.824352	-0.707568
16.58	-0.831428	-0.699325
16.59	-0.838421	-0.691011
16.6	-0.845331	-0.682626
16.61	-0.852157	-0.674173
16.62	-0.858899	-0.665652
16.63	-0.865556	-0.657063
16.64	-0.872126	-0.648407
16.65	-0.87861	-0.639686
16.66	-0.885007	-0.6309
16.67	-0.891316	-0.62205
16.68	-0.897537	-0.613136
16.69	-0.903668	-0.604161
16.7	-0.90971	-0.595124
16.71	-0.915661	-0.586027
16.72	-0.921521	-0.576871
16.73	-0.92729	-0.567655
16.74	-0.932966	-0.558383
16.75	-0.93855	-0.549053
16.76	-0.944041	-0.539667
16.77	-0.949437	-0.530227
16.78	-0.95474	-0.520733
16.79	-0.959947	-0.511185
16.8	-0.965059	-0.501586
16.81	-0.970075	-0.491935
16.82	-0.974994	-0.482234
16.83	-0.979816	-0.472484
16.84	-0.984541	-0.462686
16.85	-0.989168	-0.452841
16.86	-0.993696	-0.442949
16.87	-0.998126	-0.433012
16.88	-1.00246	-0.423031
16.89	-1.00669	-0.413006
16.9	-1.01082	-0.40294
16.91	-1.01485	-0.392831
16.92	-1.01877	-0.382683
16.93	-1.0226	-0.372495
16.94	-1.02633	-0.362269
16.95	-1.02995	-0.352006
16.96	-1.03347	-0.341706
16.97	-1.03689	-0.331372
16.98	-1.0402	-0.321003
16.99	-1.04341	-0.310601
17	-1.04652	-0.300167
17.01	-1.04952	-0.289702
17.02	-1.05241	-0.279206
17.03	-1.05521	-0.268682
17.04	-1.05789	-0.25813
17.05	-1.06047	-0.247551
17.06	-1.06295	-0.236947
17.07	-1.06532	-0.226317
17.08	-1.06758	-0.215664
17.09	-1.06974	-0.204988
17.1	-1.07179	-0.194291
17.11	-1.07373	-0.183573
17.12	-1.07557	-0.172835
17.13	-1.0773	-0.16208
17.14	-1.07892	-0.151307
17.15	-1.08043	-0.140518
17.16	-1.08184	-0.129713
17.17	-1.08313	-0.118895
17.18	-1.08432	-0.108064
17.19	-1.0854	-0.0972205
17.2	-1.08637	-0.0863665
17.21	-1.08724	-0.0755027
17.22	-1.08799	-0.0646303
17.23	-1.08864	-0.0537504
17.24	-1.08918	-0.042864
17.25	-1.08961	-0.0319723
17.26	-1.08992	-0.0210762
17.27	-1.09014	-0.010177
17.28	-1.09024	0.000724397
17.29	-1.09023	0.0116268
17.3	-1.09011	0.0225291
17.31	-1.08989	0.0334302
17.32	-1.08955	0.0443291
17.33	-1.08911	0.0552246
17.34	-1.08856	0.0661157
17.35	-1.0879	0.0770013
17.36	-1.08713	0.0878803
17.37	-1.08625	0.0987516
17.38	-1.08526	0.109614
17.39	-1.08417	0.120467
17.4	-1.08296	0.131308
17.41	-1.08165	0.142138
17.42	-1.08023	0.152954
17.43	-1.0787	0.163757
17.44	-1.07706	0.174544
17.45	-1.07531	0.185314
17.46	-1.07346	0.196067
17.47	-1.0715	0.206802
17.48	-1.06943	0.217517
17.49	-1.06726	0.228211
17.5	-1.06497	0.238884
17.51	-1.06259	0.249534
17.52	-1.06009	0.260159
17.53	-1.05749	0.27076
17.54	-1.05478	0.281335
17.55	-1.05197	0.291883
17.56	-1.04905	0.302403
17.57	-1.04602	0.312893
17.58	-1.0429	0.323353
17.59	-1.03966	0.333782
17.6	-1.03632	0.344179
17.61	-1.03288	0.354542
17.62	-1.02934	0.364871
17.63	-1.02569	0.375164
17.64	-1.02194	0.385421
17.65	-1.01808	0.395641
17.66	-1.01413	0.405822
17.67	-1.01007	0.415963
17.68	-1.00591	0.426063
17.69	-1.00165	0.436123
17.7	-0.997287	0.446139
17.71	-0.992825	0.456112
17.72	-0.988264	0.46604
17.73	-0.983604	0.475923
17.74	-0.978844	0.485759
17.75	-0.973987	0.495547
17.76	-0.969031	0.505287
17.77	-0.963978	0.514977
17.78	-0.958829	0.524617
17.79	-0.953583	0.534206
17.8	-0.94824	0.543741
17.81	-0.942803	0.553224
17.82	-0.937271	0.562652
17.83	-0.931644	0.572025
17.84	-0.925924	0.581341
17.85	-0.920111	0.5906
17.86	-0.914205	0.599801
17.87	-0.908207	0.608943
17.88	-0.902117	0.618025
17.89	-0.895937	0.627047
17.9	-0.889666	0.636006
17.91	-0.883306	0.644903
17.92	-0.876857	0.653736
17.93	-0.87032	0.662504
17.94	-0.863695	0.671207
17.95	-0.856983	0.679844
17.96	-0.850184	0.688414
17.97	-0.8433	0.696916
17.98	-0.836331	0.705349
17.99	-0.829278	0.713712
18	-0.822141	0.722005
18.01	-0.814921	0.730227
18.02	-0.807618	0.738376
18.03	-0.800234	0.746452
18.04	-0.79277	0.754454
18.05	-0.785225	0.762382
18.06	-0.777602	0.770234
18.07	-0.769899	0.77801
18.08	-0.762119	0.785709
18.09	-0.754262	0.79333
18.1	-0.746329	0.800873
18.11	-0.73832	0.808336
18.12	-0.730237	0.81572
18.13	-0.722079	0.823022
18.14	-0.713849	0.830243
18.15	-0.705547	0.837381
18.16	-0.697173	0.844437
18.17	-0.688729	0.851408
18.18	-0.680215	0.858296
18.19	-0.671632	0.865098
18.2	-0.662981	0.871814
18.21	-0.654262	0.878444
18.22	-0.645478	0.884987
18.23	-0.636628	0.891441
18.24	-0.627714	0.897808
18.25	-0.618736	0.904085
18.26	-0.609695	0.910272
18.27	-0.600592	0.916369
18.28	-0.591428	0.922375
18.29	-0.582205	0.928289
18.3	-0.572922	0.934111
18.31	-0.563581	0.939841
18.32	-0.554182	0.945476
18.33	-0.544727	0.951018
18.34	-0.535217	0.956465
18.35	-0.525653	0.961818
18.36	-0.516034	0.967074
18.37	-0.506364	0.972235
18.38	-0.496641	0.977298
18.39	-0.486868	0.982265
18.4	-0.477046	0.987133
18.41	-0.467174	0.991904
18.42	-0.457255	0.996575
18.43	-0.44729	1.00115
18.44	-0.437278	1.00562
18.45	-0.427222	1.00999
18.46	-0.417122	1.01427
18.47	-0.406979	1.01844
18.48	-0.396795	1.02251
18.49	-0.38657	1.02647
18.5	-0.376305	1.03034
18.51	-0.366002	1.0341
18.52	-0.355661	1.03776
18.53	-0.345283	1.04132
18.54	-0.33487	1.04477
18.55	-0.324422	1.04812
18.56	-0.313941	1.05137
18.57	-0.303427	1.05451
18.58	-0.292882	1.05754
18.59	-0.282307	1.06047
18.6	-0.271702	1.06329
18.61	-0.261069	1.06601
18.62	-0.250409	1.06862
18.63	-0.239723	1.07112
18.64	-0.229012	1.07352
18.65	-0.218277	1.07581
18.66	-0.207518	1.07799
18.67	-0.196738	1.08007
18.68	-0.185938	1.08204
18.69	-0.175117	1.0839
18.7	-0.164278	1.08565
18.71	-0.153422	1.08729
18.72	-0.142549	1.08882
18.73	-0.131661	1.09025
18.74	-0.120758	1.09157
18.75	-0.109843	1.09277
18.76	-0.098915	1.09387
18.77	-0.0879763	1.09486
18.78	-0.0770277	1.09574
18.79	-0.0660702	1.09651
18.8	-0.0551051	1.09717
18.81	-0.0441334	1.09772
18.82	-0.0331562	1.09816
18.83	-0.0221746	1.0985
18.84	-0.0111896	1.09872
18.85	-0.000202423	1.09883
18.86	0.0107859	1.09883
18.87	0.0217742	1.09872
18.88	0.0327614	1.09851
18.89	0.0437465	1.09818
18.9	0.0547283	1.09774
18.91	0.0657057	1.09719
18.92	0.0766776	1.09654
18.93	0.087643	1.09577
18.94	0.0986006	1.09489
18.95	0.10955	1.09391
18.96	0.120489	1.09281
18.97	0.131417	1.09161
18.98	0.142333	1.09029
18.99	0.153236	1.08887
19	0.164124	1.08734
19.01	0.174998	1.0857
19.02	0.185855	1.08395
19.03	0.196694	1.08209
19.04	0.207515	1.08012
19.05	0.218316	1.07804
19.06	0.229097	1.07586
19.07	0.239855	1.07357
19.08	0.250591	1.07117
19.09	0.261303	1.06867
19.1	0.271989	1.06605
19.11	0.28265	1.06333
19.12	0.293283	1.06051
19.13	0.303888	1.05757
19.14	0.314464	1.05454
19.15	0.325009	1.05139
19.16	0.335523	1.04814
19.17	0.346005	1.04479
19.18	0.356453	1.04133
19.19	0.366866	1.03776
19.2	0.377244	1.03409
19.21	0.387584	1.03032
19.22	0.397888	1.02644
19.23	0.408152	1.02246
19.24	0.418377	1.01838
19.25	0.428561	1.0142
19.26	0.438703	1.00991
19.27	0.448802	1.00553
19.28	0.458857	1.00104
19.29	0.468867	0.99645
19.3	0.478832	0.991762
19.31	0.488749	0.986973
19.32	0.498619	0.982086
19.33	0.50844	0.9771
19.34	0.518211	0.972015
19.35	0.527931	0.966833
19.36	0.5376	0.961554
19.37	0.547215	0.956178
19.38	0.556777	0.950706
19.39	0.566284	0.945138
19.4	0.575735	0.939475
19.41	0.58513	0.933718
19.42	0.594467	0.927866
19.43	0.603746	0.921922
19.44	0.612965	0.915884
19.45	0.622124	0.909755
19.46	0.631221	0.903533
19.47	0.640257	0.897221
19.48	0.649229	0.890819
19.49	0.658137	0.884326
19.5	0.66698	0.877745
19.51	0.675758	0.871075
19.52	0.684469	0.864318
19.53	0.693112	0.857473
19.54	0.701687	0.850542
19.55	0.710192	0.843525
19.56	0.718627	0.836423
19.57	0.726991	0.829237
19.58	0.735284	0.821967
19.59	0.743504	0.814614
19.6	0.75165	0.807179
19.61	0.759721	0.799662
19.62	0.767718	0.792065
19.63	0.775639	0.784388
19.64	0.783483	0.776632
19.65	0.791249	0.768797
19.66	0.798937	0.760884
19.67	0.806546	0.752895
19.68	0.814075	0.744829
19.69	0.821523	0.736689
19.7	0.82889	0.728474
19.71	0.836175	0.720185
19.72	0.843376	0.711823
19.73	0.850495	0.703389
19.74	0.857529	0.694884
19.75	0.864477	0.686309
19.76	0.87134	0.677664
19.77	0.878117	0.668951
19.78	0.884807	0.66017
19.79	0.891408	0.651321
19.8	0.897922	0.642407
19.81	0.904346	0.633428
19.82	0.91068	0.624385
19.83	0.916924	0.615278
19.84	0.923077	0.606109
19.85	0.929138	0.596878
19.86	0.935106	0.587587
19.87	0.940982	0.578235
19.88	0.946765	0.568826
19.89	0.952453	0.559358
19.9	0.958046	0.549833
19.91	0.963545	0.540253
19.92	0.968947	0.530618
19.93	0.974253	0.520928
19.94	0.979463	0.511186
19.95	0.984575	0.501391
19.96	0.989589	0.491545
19.97	0.994504	0.481649
19.98	0.99932	0.471704
19.99	1.00404	0.461711
