t 	 x 	 z
0	820.121	-72019.8
0.01	99.9234	-74119.3
0.02	-641.27	-74375.1
0.03	-1385.02	-72733.5
0.04	-2112.36	-69187.8
0.05	-2804.23	-63780.2
0.06	-3442.03	-56601.3
0.07	-4008.05	-47789.7
0.08	-4485.95	-37529.1
0.09	-4861.24	-26045.1
0.1	-5121.69	-13600.3
0.11	-5257.69	-488.815
0.12	-5262.58	12970.9
0.13	-5132.87	26443.1
0.14	-4868.44	39583.2
0.15	-4472.61	52046.4
0.16	-3952.14	63496.3
0.17	-3317.18	73613.8
0.18	-2581.04	82105.8
0.19	-1759.98	88713.2
0.2	-872.852	93218.8
0.21	59.336	95453.3
0.22	1013.87	95301.4
0.23	1966.88	92705.9
0.24	2893.94	87670.7
0.25	3770.65	80262.2
0.26	4573.27	70609.3
0.27	5279.36	58901.8
0.28	5868.38	45386.6
0.29	6322.25	30363.5
0.3	6625.88	14178.6
0.31	6767.67	-2783.69
0.32	6739.83	-20108.9
0.33	6538.74	-37362.9
0.34	6165.11	-54102.1
0.35	5624.09	-69884.8
0.36	4925.24	-84282.4
0.37	4082.42	-96891.1
0.38	3113.51	-107342
0.39	2040.09	-115313
0.4	886.963	-120535
0.41	-318.39	-122806
0.42	-1546.45	-121991
0.43	-2766.36	-118032
0.44	-3946.68	-110950
0.45	-5056.18	-100847
0.46	-6064.64	-87902.7
0.47	-6943.67	-72377.3
0.48	-7667.44	-54601.5
0.49	-8213.46	-34972.8
0.5	-8563.18	-13946.4
0.51	-8702.65	7975.39
0.52	-8622.89	30254.2
0.53	-8320.35	52328.8
0.54	-7797.06	73628.9
0.55	-7060.78	93589.4
0.56	-6124.88	111665
0.57	-5008.23	127345
0.58	-3734.79	140166
0.59	-2333.13	149727
0.6	-835.861	155700
0.61	721.135	157839
0.62	2299.53	155993
0.63	3859.46	150106
0.64	5360.53	140226
0.65	6762.79	126503
0.66	8027.82	109191
0.67	9119.73	88639.4
0.68	10006.1	65292.9
0.69	10659.1	39677.2
0.7	11055.8	12390
0.71	11179.7	-15912.9
0.72	11020.6	-44533
0.73	10575.3	-72745.7
0.74	9847.81	-99818.4
0.75	8849.62	-125029
0.76	7599.34	-147684
0.77	6122.5	-167138
0.78	4451.12	-182812
0.79	2623	-194207
0.8	680.934	-200921
0.81	-1328.28	-202665
0.82	-3354.93	-199264
0.83	-5347.57	-190676
0.84	-7254.32	-176986
0.85	-9024.18	-158415
0.86	-10608.3	-135313
0.87	-11961.5	-108156
0.88	-13043	-77534.2
0.89	-13818.4	-44144.1
0.9	-14259.8	-8769.08
0.91	-14347.5	27736
0.92	-14070.1	64465.6
0.93	-13425.5	100485
0.94	-12420.6	134854
0.95	-11072.1	166651
0.96	-9405.57	194996
0.97	-7455.61	219074
0.98	-5264.87	238160
0.99	-2883.27	251638
1	-366.887	259019
1.01	2223.31	259959
1.02	4822.89	254267
1.03	7365.57	241920
1.04	9784.77	223065
1.05	12015.4	198016
1.06	13995.6	167256
1.07	15668.1	131427
1.08	16982.4	91317
1.09	17895.6	47842.1
1.1	18374	2029.39
1.11	18394.3	-45008
1.12	17944.2	-92097.4
1.13	17023.2	-138035
1.14	15642.9	-181614
1.15	13826.7	-221660
1.16	11610.2	-257056
1.17	9039.59	-286778
1.18	6171.8	-309920
1.19	3072.61	-325720
1.2	-184.589	-333585
1.21	-3520.44	-333113
1.22	-6851.57	-324101
1.23	-10092.6	-306560
1.24	-13158.2	-280723
1.25	-15965.4	-247039
1.26	-18435.8	-206167
1.27	-20497.5	-158971
1.28	-22087.2	-106498
1.29	-23152.2	-49954.7
1.3	-23651.7	9314.84
1.31	-23558.6	69863.2
1.32	-22859.9	130173
1.33	-21558.2	188695
1.34	-19671.3	243884
1.35	-17232.4	294242
1.36	-14290	338357
1.37	-10906.4	374939
1.38	-7157.04	402860
1.39	-3128.44	421182
1.4	1083.38	429191
1.41	5375.29	426417
1.42	9639.46	412656
1.43	13766	387979
1.44	17645.8	352738
1.45	21173.2	307565
1.46	24248.9	253362
1.47	26782.5	191285
1.48	28695.3	122722
1.49	29922.5	49261.5
1.5	30415.1	-27340.2
1.51	30141.7	-105203
1.52	29089.7	-182366
1.53	27266.1	-256835
1.54	24697.7	-326637
1.55	21431.3	-389863
1.56	17532.7	-444727
1.57	13085.4	-489611
1.58	8189.33	-523109
1.59	2958.24	-544074
1.6	-2482.5	-551647
1.61	-7998.97	-545292
1.62	-13451.9	-524815
1.63	-18700	-490378
1.64	-23603.8	-442506
1.65	-28028.9	-382080
1.66	-31849.7	-310326
1.67	-34952.9	-228791
1.68	-37240.8	-139311
1.69	-38634	-43974.8
1.7	-39073.7	54928.1
1.71	-38524.4	154957
1.72	-36974.9	253579
1.73	-34439.1	348235
1.74	-30956.7	436399
1.75	-26592.7	515648
1.76	-21436.2	583725
1.77	-15599	638602
1.78	-9212.96	678536
1.79	-2427.6	702121
1.8	4593.6	708336
1.81	11677	696576
1.82	18642.7	666683
1.83	25309.5	618958
1.84	31499.1	554165
1.85	37040.8	473527
1.86	41776	378703
1.87	45563.1	271756
1.88	48280.6	155115
1.89	49831.8	31516.4
1.9	50146.9	-96053
1.91	49186.4	-224429
1.92	46942.1	-350346
1.93	43438.7	-470518
1.94	38733.5	-581721
1.95	32916.3	-680879
1.96	26107.5	-765145
1.97	18456	-831980
1.98	10136.2	-879227
1.99	1343.96	-905176
2	-7707.8	-908616
2.01	-16794	-888885
2.02	-25682.8	-845892
2.03	-34141.7	-780144
2.04	-41943.2	-692741
2.05	-48870.6	-585367
2.06	-54724.2	-460258
2.07	-59326.8	-320164
2.08	-62528.5	-168287
2.09	-64211.3	-8214.37
2.1	-64293.5	156167
2.11	-62731.8	320758
2.12	-59524.2	481351
2.13	-54710.7	633733
2.14	-48373.4	773793
2.15	-40635.5	897629
2.16	-31659.2	1.00166e+006
2.17	-21642.6	1.0827e+006
2.18	-10815.6	1.13811e+006
2.19	565.497	1.1658e+006
2.2	12223.5	1.16435e+006
2.21	23866.9	1.13306e+006
2.22	35197.5	1.07196e+006
2.23	45917.1	981851
2.24	55735.6	864304
2.25	64378.6	721621
2.26	71594.8	556811
2.27	77162.9	373528
2.28	80898.2	175991
2.29	82658.1	-31108.1
2.3	82347.1	-242713
2.31	79919.9	-453521
2.32	75384.7	-658116
2.33	68803.5	-851101
2.34	60292.5	-1.02724e+006
2.35	50020.2	-1.18159e+006
2.36	38204.3	-1.30964e+006
2.37	25107.9	-1.40744e+006
2.38	11033.5	-1.47172e+006
2.39	-3683.71	-1.49996e+006
2.4	-18683.3	-1.49053e+006
2.41	-33588.7	-1.4427e+006
2.42	-48015.7	-1.35672e+006
2.43	-61582.9	-1.2338e+006
2.44	-73920.9	-1.07614e+006
2.45	-84682.3	-886907
2.46	-93551.4	-670121
2.47	-100253	-430629
2.48	-104559	-173982
2.49	-106299	93688.3
2.5	-105362	365813
2.51	-101704	635539
2.52	-95348.3	895901
2.53	-86389.3	1.13999e+006
2.54	-74989.4	1.36115e+006
2.55	-61377.9	1.55312e+006
2.56	-45846.7	1.71025e+006
2.57	-28744.2	1.82762e+006
2.58	-10468	1.9012e+006
2.59	8544.01	1.928e+006
2.6	27824	1.90613e+006
2.61	46885.3	1.8349e+006
2.62	65234.2	1.71487e+006
2.63	82383	1.54787e+006
2.64	97861.7	1.33697e+006
2.65	111231	1.08645e+006
2.66	122096	801693
2.67	130113	489127
2.68	135004	156039
2.69	136564	-189572
2.7	134669	-539176
2.71	129277	-883928
2.72	120438	-1.21488e+006
2.73	108289	-1.5232e+006
2.74	93056.9	-1.80042e+006
2.75	75052.7	-2.03864e+006
2.76	54666.3	-2.23078e+006
2.77	32358.5	-2.37072e+006
2.78	8651.29	-2.45356e+006
2.79	-15884.3	-2.47571e+006
2.8	-40641.4	-2.43505e+006
2.81	-64991.9	-2.331e+006
2.82	-88301.9	-2.16462e+006
2.83	-109948	-1.93857e+006
2.84	-129334	-1.6571e+006
2.85	-145905	-1.32601e+006
2.86	-159165	-952493
2.87	-168690	-545030
2.88	-174140	-113184
2.89	-175272	332615
2.9	-171946	781311
2.91	-164133	1.22149e+006
2.92	-151918	1.64167e+006
2.93	-135501	2.03058e+006
2.94	-115195	2.37747e+006
2.95	-91420.7	2.67237e+006
2.96	-64697	2.9064e+006
2.97	-35633	3.07203e+006
2.98	-4912.72	3.16325e+006
2.99	26719.8	3.17582e+006
3	58478	3.10742e+006
3.01	89552.2	2.95772e+006
3.02	119129	2.72846e+006
3.03	146414	2.42349e+006
3.04	170649	2.04867e+006
3.05	191136	1.61181e+006
3.06	207254	1.1225e+006
3.07	218479	591934
3.08	224398	32628.7
3.09	224724	-541831
3.1	219306	-1.11713e+006
3.11	208135	-1.67855e+006
3.12	191349	-2.21137e+006
3.13	169236	-2.70123e+006
3.14	142223	-3.13447e+006
3.15	110879	-3.49856e+006
3.16	75893	-3.78241e+006
3.17	38068.9	-3.9767e+006
3.18	-1698.11	-4.07416e+006
3.19	-42439.7	-4.06981e+006
3.2	-83137.7	-3.96116e+006
3.21	-122749	-3.74833e+006
3.22	-160233	-3.43409e+006
3.23	-194574	-3.0239e+006
3.24	-224813	-2.52579e+006
3.25	-250070	-1.95027e+006
3.26	-269573	-1.31009e+006
3.27	-282674	-619980
3.28	-288874	103665
3.29	-287837	843182
3.3	-279405	1.58005e+006
3.31	-263605	2.29532e+006
3.32	-240652	2.97015e+006
3.33	-210950	3.58622e+006
3.34	-175088	4.12625e+006
3.35	-133825	4.57448e+006
3.36	-88080.6	4.91707e+006
3.37	-38909.9	5.14256e+006
3.38	12515.6	5.24217e+006
3.39	64937.3	5.21013e+006
3.4	117039	5.04389e+006
3.41	167477	4.74427e+006
3.42	214920	4.31553e+006
3.43	258075	3.76533e+006
3.44	295729	3.10466e+006
3.45	326775	2.34759e+006
3.46	350251	1.51105e+006
3.47	365362	614404
3.48	371506	-320921
3.49	368296	-1.27198e+006
3.5	355577	-2.21481e+006
3.51	333429	-3.12509e+006
3.52	302178	-3.97867e+006
3.53	262391	-4.75224e+006
3.54	214869	-5.42396e+006
3.55	160629	-5.97403e+006
3.56	100889	-6.38524e+006
3.57	37036.2	-6.64351e+006
3.58	-29398.9	-6.73832e+006
3.59	-96782.1	-6.66306e+006
3.6	-163413	-6.4153e+006
3.61	-227566	-5.99696e+006
3.62	-287535	-5.4144e+006
3.63	-341679	-4.67831e+006
3.64	-388462	-3.80361e+006
3.65	-426498	-2.80914e+006
3.66	-454590	-1.71731e+006
3.67	-471763	-553556
3.68	-477299	654157
3.69	-470757	1.87604e+006
3.7	-451997	3.08118e+006
3.71	-421185	4.23829e+006
3.72	-378802	5.31652e+006
3.73	-325637	6.28626e+006
3.74	-262774	7.11989e+006
3.75	-191575	7.79259e+006
3.76	-113649	8.28302e+006
3.77	-30819.1	8.57396e+006
3.78	54920.5	8.65286e+006
3.79	141449	8.51226e+006
3.8	226572	8.15015e+006
3.81	308073	7.57013e+006
3.82	383775	6.78146e+006
3.83	451589	5.799e+006
3.84	509579	4.64293e+006
3.85	556008	3.33841e+006
3.86	589393	1.91503e+006
3.87	608543	406182
3.88	612605	-1.15169e+006
3.89	601088	-2.71996e+006
3.9	573888	-4.25874e+006
3.91	531301	-5.72789e+006
3.92	474022	-7.08802e+006
3.93	403142	-8.30152e+006
3.94	320126	-9.33356e+006
3.95	226791	-1.01531e+007
3.96	125260	-1.07337e+007
3.97	17923.2	-1.10543e+007
3.98	-92620.1	-1.11002e+007
3.99	-203622	-1.08631e+007
4	-312253	-1.03418e+007
4.01	-415672	-9.54247e+006
4.02	-511097	-8.47835e+006
4.03	-595880	-7.16994e+006
4.04	-667579	-5.64449e+006
4.05	-724024	-3.93549e+006
4.06	-763379	-2.08198e+006
4.07	-784199	-127733
4.08	-785476	1.87982e+006
4.09	-766678	3.89064e+006
4.1	-727772	5.85333e+006
4.11	-669239	7.71643e+006
4.12	-592074	9.42968e+006
4.13	-497777	1.09454e+007
4.14	-388324	1.22197e+007
4.15	-266127	1.32138e+007
4.16	-133989	1.38951e+007
4.17	4962.39	1.42381e+007
4.18	147343	1.42254e+007
4.19	289597	1.38482e+007
4.2	428079	1.31068e+007
4.21	559148	1.20109e+007
4.22	679257	1.05795e+007
4.23	785052	8.84063e+006
4.24	873459	6.8309e+006
4.25	941768	4.59484e+006
4.26	987716	2.18392e+006
4.27	1.00956e+006	-344637
4.28	1.00611e+006	-2.9291e+006
4.29	976818	-5.50474e+006
4.3	921771	-8.00539e+006
4.31	841717	-1.03651e+007
4.32	738065	-1.25199e+007
4.33	612866	-1.44094e+007
4.34	468773	-1.59783e+007
4.35	308990	-1.71784e+007
4.36	137206	-1.79694e+007
4.37	-42487.8	-1.83206e+007
4.38	-225694	-1.82119e+007
4.39	-407813	-1.76341e+007
4.4	-584153	-1.65901e+007
4.41	-750054	-1.50946e+007
4.42	-901000	-1.31745e+007
4.43	-1.03275e+006	-1.08679e+007
4.44	-1.14142e+006	-8.22411e+006
4.45	-1.22367e+006	-5.30207e+006
4.46	-1.27669e+006	-2.16948e+006
4.47	-1.29838e+006	1.09884e+006
4.48	-1.28739e+006	4.42269e+006
4.49	-1.24317e+006	7.71842e+006
4.5	-1.16598e+006	1.09009e+007
4.51	-1.05697e+006	1.38858e+007
4.52	-918114	1.65917e+007
4.53	-752198	1.89421e+007
4.54	-562777	2.08677e+007
4.55	-354100	2.23084e+007
4.56	-131016	2.32149e+007
4.57	101133	2.35503e+007
4.58	336636	2.32914e+007
4.59	569550	2.24296e+007
4.6	793846	2.09716e+007
4.61	1.00356e+006	1.89393e+007
4.62	1.19295e+006	1.63702e+007
4.63	1.35666e+006	1.33162e+007
4.64	1.48982e+006	9.84319e+006
4.65	1.58825e+006	6.02926e+006
4.66	1.64854e+006	1.96333e+006
4.67	1.66818e+006	-2.25694e+006
4.68	1.64561e+006	-6.52747e+006
4.69	1.58033e+006	-1.07402e+007
4.7	1.47293e+006	-1.47859e+007
4.71	1.32507e+006	-1.85566e+007
4.72	1.13951e+006	-2.19488e+007
4.73	920018	-2.48659e+007
4.74	671359	-2.72211e+007
4.75	399148	-2.89398e+007
4.76	109750	-2.99616e+007
4.77	-189867	-3.02426e+007
4.78	-492293	-2.97565e+007
4.79	-789858	-2.84963e+007
4.8	-1.07482e+006	-2.64742e+007
4.81	-1.33956e+006	-2.37227e+007
4.82	-1.57679e+006	-2.02934e+007
4.83	-1.77972e+006	-1.62568e+007
4.84	-1.94229e+006	-1.17007e+007
4.85	-2.0593e+006	-6.72846e+006
4.86	-2.12658e+006	-1.45666e+006
4.87	-2.14115e+006	3.9874e+006
4.88	-2.10128e+006	9.46875e+006
4.89	-2.00659e+006	1.4848e+007
4.9	-1.85811e+006	1.99849e+007
4.91	-1.65826e+006	2.47416e+007
4.92	-1.41084e+006	2.89868e+007
4.93	-1.12098e+006	3.25986e+007
4.94	-794991	3.54683e+007
4.95	-440308	3.75034e+007
4.96	-65273.9	3.86306e+007
4.97	321032	3.87977e+007
4.98	709010	3.79759e+007
4.99	1.08877e+006	3.61608e+007
5	1.45038e+006	3.33736e+007
5.01	1.78411e+006	2.96606e+007
5.02	2.08072e+006	2.50933e+007
5.03	2.33165e+006	1.97666e+007
5.04	2.52932e+006	1.37976e+007
5.05	2.66729e+006	7.32256e+006
5.06	2.74052e+006	494288
5.07	2.74546e+006	-6.52144e+006
5.08	2.68025e+006	-1.35498e+007
5.09	2.54475e+006	-2.04113e+007
5.1	2.34064e+006	-2.69258e+007
5.11	2.07138e+006	-3.29178e+007
5.12	1.7422e+006	-3.82206e+007
5.13	1.35999e+006	-4.26806e+007
5.14	933188	-4.61622e+007
5.15	471566	-4.85512e+007
5.16	-13945.2	-4.97584e+007
5.17	-511529	-4.97227e+007
5.18	-1.00876e+006	-4.84131e+007
5.19	-1.49289e+006	-4.58307e+007
5.2	-1.95119e+006	-4.20089e+007
5.21	-2.37128e+006	-3.70139e+007
5.22	-2.74142e+006	-3.09434e+007
5.23	-3.05086e+006	-2.39254e+007
5.24	-3.29011e+006	-1.61152e+007
5.25	-3.45126e+006	-7.69248e+006
5.26	-3.52819e+006	1.14275e+006
5.27	-3.51676e+006	1.01749e+007
5.28	-3.41501e+006	1.91778e+007
5.29	-3.22323e+006	2.79202e+007
5.3	-2.94403e+006	3.61717e+007
5.31	-2.58231e+006	4.37084e+007
5.32	-2.14523e+006	5.03191e+007
5.33	-1.64204e+006	5.58109e+007
5.34	-1.08393e+006	6.00145e+007
5.35	-483782	6.27894e+007
5.36	144112	6.40279e+007
5.37	784391	6.3659e+007
5.38	1.42098e+006	6.16509e+007
5.39	2.03749e+006	5.80132e+007
5.4	2.61762e+006	5.27972e+007
5.41	3.14559e+006	4.60961e+007
5.42	3.60655e+006	3.80434e+007
5.43	3.98699e+006	2.88106e+007
5.44	4.2751e+006	1.86039e+007
5.45	4.46113e+006	7.65969e+006
5.46	4.53773e+006	-3.76082e+006
5.47	4.50012e+006	-1.53774e+007
5.48	4.34635e+006	-2.68977e+007
5.49	4.07737e+006	-3.80244e+007
5.5	3.69713e+006	-4.84625e+007
5.51	3.2125e+006	-5.79271e+007
5.52	2.63323e+006	-6.61511e+007
5.53	1.97172e+006	-7.28922e+007
5.54	1.2428e+006	-7.79398e+007
5.55	463402	-8.11214e+007
5.56	-347812	-8.23077e+007
5.57	-1.17089e+006	-8.14173e+007
5.58	-1.98506e+006	-7.84198e+007
5.59	-2.76926e+006	-7.3338e+007
5.6	-3.50264e+006	-6.62487e+007
5.61	-4.16513e+006	-5.7282e+007
5.62	-4.73795e+006	-4.66193e+007
5.63	-5.20414e+006	-3.44901e+007
5.64	-5.54904e+006	-2.11675e+007
5.65	-5.76072e+006	-6.96197e+006
5.66	-5.83034e+006	7.78546e+006
5.67	-5.75248e+006	2.27111e+007
5.68	-5.52537e+006	3.74375e+007
5.69	-5.15099e+006	5.15824e+007
5.7	-4.63517e+006	6.4769e+007
5.71	-3.98748e+006	7.6635e+007
5.72	-3.22113e+006	8.68429e+007
5.73	-2.3527e+006	9.5089e+007
5.74	-1.40181e+006	1.01112e+008
5.75	-390692	1.04701e+008
5.76	656314	1.05701e+008
5.77	1.71332e+006	1.04021e+008
5.78	2.75353e+006	9.96345e+007
5.79	3.74987e+006	9.25855e+007
5.8	4.67573e+006	8.29858e+007
5.81	5.50559e+006	7.10159e+007
5.82	6.21574e+006	5.69216e+007
5.83	6.78496e+006	4.10093e+007
5.84	7.19505e+006	2.36398e+007
5.85	7.43145e+006	5.22048e+006
5.86	7.48366e+006	-1.3804e+007
5.87	7.34562e+006	-3.29622e+007
5.88	7.01599e+006	-5.1767e+007
5.89	6.49833e+006	-6.97279e+007
5.9	5.80105e+006	-8.63636e+007
5.91	4.93741e+006	-1.01214e+008
5.92	3.92527e+006	-1.13854e+008
5.93	2.78673e+006	-1.23903e+008
5.94	1.5477e+006	-1.31037e+008
5.95	237330	-1.34999e+008
5.96	-1.11266e+006	-1.35606e+008
5.97	-2.46872e+006	-1.32758e+008
5.98	-3.7963e+006	-1.26438e+008
5.99	-5.06069e+006	-1.1672e+008
6	-6.22788e+006	-1.03764e+008
6.01	-7.26552e+006	-8.78208e+007
6.02	-8.14373e+006	-6.92211e+007
6.03	-8.83594e+006	-4.83732e+007
6.04	-9.31967e+006	-2.57531e+007
6.05	-9.57721e+006	-1.89478e+006
6.06	-9.59615e+006	2.26229e+007
6.07	-9.36992e+006	4.7189e+007
6.08	-8.89803e+006	7.1176e+007
6.09	-8.18627e+006	9.3955e+007
6.1	-7.24672e+006	1.14912e+008
6.11	-6.09761e+006	1.33463e+008
6.12	-4.76297e+006	1.49073e+008
6.13	-3.27224e+006	1.61267e+008
6.14	-1.65957e+006	1.69643e+008
6.15	36862.8	1.73892e+008
6.16	1.77578e+006	1.73798e+008
6.17	3.51376e+006	1.69252e+008
6.18	5.20627e+006	1.60256e+008
6.19	6.80884e+006	1.46928e+008
6.2	8.27812e+006	1.29498e+008
6.21	9.5731e+006	1.08306e+008
6.22	1.06562e+007	8.37986e+007
6.23	1.14941e+007	5.65188e+007
6.24	1.20593e+007	2.70938e+007
6.25	1.23303e+007	-3.77808e+006
6.26	1.22925e+007	-3.53436e+007
6.27	1.19391e+007	-6.68123e+007
6.28	1.12709e+007	-9.73763e+007
6.29	1.02972e+007	-1.2623e+008
6.3	9.03487e+006	-1.52591e+008
6.31	7.50896e+006	-1.7572e+008
6.32	5.75176e+006	-1.94943e+008
6.33	3.80233e+006	-2.09667e+008
6.34	1.70566e+006	-2.19401e+008
6.35	-488353	-2.23768e+008
6.36	-2.72603e+006	-2.22518e+008
6.37	-4.95121e+006	-2.15539e+008
6.38	-7.1066e+006	-2.02864e+008
6.39	-9.13524e+006	-1.84671e+008
6.4	-1.09819e+007	-1.61285e+008
6.41	-1.25948e+007	-1.33171e+008
6.42	-1.39265e+007	-1.00928e+008
6.43	-1.49358e+007	-6.52765e+007
6.44	-1.55886e+007	-2.70409e+007
6.45	-1.5859e+007	1.28658e+007
6.46	-1.57303e+007	5.34648e+007
6.47	-1.51957e+007	9.37343e+007
6.48	-1.42583e+007	1.32635e+008
6.49	-1.2932e+007	1.69136e+008
6.5	-1.12406e+007	2.02242e+008
6.51	-9.21817e+006	2.31018e+008
6.52	-6.90799e+006	2.54617e+008
6.53	-4.36182e+006	2.72301e+008
6.54	-1.63881e+006	2.83467e+008
6.55	1.19586e+006	2.87663e+008
6.56	4.07249e+006	2.84601e+008
6.57	6.91851e+006	2.74176e+008
6.58	9.66026e+006	2.56464e+008
6.59	1.22249e+007	2.31734e+008
6.6	1.45423e+007	2.00438e+008
6.61	1.65466e+007	1.6321e+008
6.62	1.81787e+007	1.20851e+008
6.63	1.93872e+007	7.43133e+007
6.64	2.01304e+007	2.46819e+007
6.65	2.03772e+007	-2.68518e+007
6.66	2.01087e+007	-7.90175e+007
6.67	1.93185e+007	-1.30496e+008
6.68	1.80135e+007	-1.79951e+008
6.69	1.6214e+007	-2.26066e+008
6.7	1.39534e+007	-2.67574e+008
6.71	1.12776e+007	-3.03294e+008
6.72	8.2447e+006	-3.32165e+008
6.73	4.92305e+006	-3.53272e+008
6.74	1.39033e+006	-3.65875e+008
6.75	-2.26841e+006	-3.69434e+008
6.76	-5.96275e+006	-3.63627e+008
6.77	-9.59902e+006	-3.48362e+008
6.78	-1.30826e+007	-3.23789e+008
6.79	-1.63205e+007	-2.90297e+008
6.8	-1.92235e+007	-2.48516e+008
6.81	-2.17087e+007	-1.99304e+008
6.82	-2.37017e+007	-1.4373e+008
6.83	-2.5139e+007	-8.30538e+007
6.84	-2.59695e+007	-1.8698e+007
6.85	-2.61565e+007	4.77841e+007
6.86	-2.56787e+007	1.14745e+008
6.87	-2.45312e+007	1.80482e+008
6.88	-2.27264e+007	2.43282e+008
6.89	-2.02936e+007	3.01462e+008
6.9	-1.7279e+007	3.53413e+008
6.91	-1.37448e+007	3.97647e+008
6.92	-9.76836e+006	4.32834e+008
6.93	-5.44002e+006	4.57841e+008
6.94	-861608	4.71768e+008
6.95	3.85607e+006	4.73973e+008
6.96	8.5958e+006	4.64102e+008
6.97	1.32368e+007	4.42097e+008
6.98	1.76578e+007	4.0821e+008
6.99	2.17399e+007	3.63006e+008
7	2.537e+007	3.07352e+008
7.01	2.84435e+007	2.42405e+008
7.02	3.08675e+007	1.6959e+008
7.03	3.25634e+007	9.0569e+007
7.04	3.34691e+007	7.20665e+006
7.05	3.35412e+007	-7.84743e+007
7.06	3.27564e+007	-1.6434e+008
7.07	3.1113e+007	-2.48196e+008
7.08	2.86311e+007	-3.27846e+008
7.09	2.53526e+007	-4.01141e+008
7.1	2.13412e+007	-4.66044e+008
7.11	1.66808e+007	-5.20677e+008
7.12	1.1474e+007	-5.6338e+008
7.13	5.8402e+006	-5.92754e+008
7.14	-87337.4	-6.07705e+008
7.15	-6.16438e+006	-6.07481e+008
7.16	-1.22392e+007	-5.917e+008
7.17	-1.81562e+007	-5.60368e+008
7.18	-2.37599e+007	-5.13888e+008
7.19	-2.88988e+007	-4.53063e+008
7.2	-3.34294e+007	-3.79082e+008
7.21	-3.72202e+007	-2.93503e+008
7.22	-4.01552e+007	-1.98219e+008
7.23	-4.21374e+007	-9.54216e+007
7.24	-4.30916e+007	1.24502e+007
7.25	-4.29671e+007	1.22765e+008
7.26	-4.17395e+007	2.32761e+008
7.27	-3.94119e+007	3.39614e+008
7.28	-3.60157e+007	4.40508e+008
7.29	-3.16107e+007	5.32708e+008
7.3	-2.62836e+007	6.13632e+008
7.31	-2.01473e+007	6.80918e+008
7.32	-1.33381e+007	7.32495e+008
7.33	-6.01314e+006	7.6664e+008
7.34	1.65327e+006	7.82034e+008
7.35	9.4736e+006	7.77801e+008
7.36	1.72516e+007	7.53549e+008
7.37	2.47871e+007	7.09385e+008
7.38	3.1881e+007	6.4593e+008
7.39	3.83403e+007	5.64315e+008
7.4	4.39834e+007	4.66164e+008
7.41	4.8645e+007	3.53566e+008
7.42	5.21807e+007	2.29035e+008
7.43	5.4471e+007	9.54522e+007
7.44	5.54256e+007	-4.39937e+007
7.45	5.49856e+007	-1.85883e+008
7.46	5.31268e+007	-3.26646e+008
7.47	4.98603e+007	-4.62651e+008
7.48	4.52338e+007	-5.90293e+008
7.49	3.93309e+007	-7.06092e+008
7.5	3.227e+007	-8.06779e+008
7.51	2.42022e+007	-8.8939e+008
7.52	1.53083e+007	-9.51348e+008
7.53	5.7948e+006	-9.90537e+008
7.54	-4.11057e+006	-1.00537e+009
7.55	-1.41643e+007	-9.94849e+008
7.56	-2.41128e+007	-9.58588e+008
7.57	-3.36987e+007	-8.96859e+008
7.58	-4.26672e+007	-8.10591e+008
7.59	-5.07732e+007	-7.01363e+008
7.6	-5.77868e+007	-5.71383e+008
7.61	-6.35006e+007	-4.23449e+008
7.62	-6.77351e+007	-2.60888e+008
7.63	-7.0344e+007	-8.74857e+007
7.64	-7.12188e+007	9.25948e+007
7.65	-7.02929e+007	2.74915e+008
7.66	-6.75437e+007	4.54865e+008
7.67	-6.29951e+007	6.27777e+008
7.68	-5.67173e+007	7.89044e+008
7.69	-4.88269e+007	9.34241e+008
7.7	-3.94845e+007	1.05924e+009
7.71	-2.88921e+007	1.16032e+009
7.72	-1.72889e+007	1.23428e+009
7.73	-4.94611e+006	1.27854e+009
7.74	7.8393e+006	1.2912e+009
7.75	2.07513e+007	1.27113e+009
7.76	3.34627e+007	1.21801e+009
7.77	4.56428e+007	1.13235e+009
7.78	5.69663e+007	1.0155e+009
7.79	6.71213e+007	8.69667e+008
7.8	7.58179e+007	6.97837e+008
7.81	8.27963e+007	5.03743e+008
7.82	8.78337e+007	2.91785e+008
7.83	9.07516e+007	6.69301e+007
7.84	9.14209e+007	-1.65394e+008
7.85	8.97669e+007	-3.99431e+008
7.86	8.57726e+007	-6.29235e+008
7.87	7.94803e+007	-8.48813e+008
7.88	7.09922e+007	-1.05228e+009
7.89	6.04693e+007	-1.23402e+009
7.9	4.81291e+007	-1.38882e+009
7.91	3.42409e+007	-1.51203e+009
7.92	1.91205e+007	-1.59969e+009
7.93	3.12363e+006	-1.64864e+009
7.94	-1.33628e+007	-1.65664e+009
7.95	-2.99291e+007	-1.62243e+009
7.96	-4.61534e+007	-1.54581e+009
7.97	-6.16115e+007	-1.42766e+009
7.98	-7.5888e+007	-1.26993e+009
7.99	-8.85873e+007	-1.07566e+009
8	-9.93439e+007	-8.48874e+008
8.01	-1.07833e+008	-5.94553e+008
8.02	-1.13778e+008	-3.18502e+008
8.03	-1.16963e+008	-2.72293e+007
8.04	-1.17235e+008	2.72196e+008
8.05	-1.14514e+008	5.72319e+008
8.06	-1.0879e+008	8.65474e+008
8.07	-1.00136e+008	1.14398e+009
8.08	-8.86958e+007	1.40032e+009
8.09	-7.46926e+007	1.62739e+009
8.1	-5.84187e+007	1.8186e+009
8.11	-4.02327e+007	1.96815e+009
8.12	-2.05512e+007	2.07115e+009
8.13	160232	2.12376e+009
8.14	2.13978e+007	2.12335e+009
8.15	4.26313e+007	2.06857e+009
8.16	6.3317e+007	1.95943e+009
8.17	8.29113e+007	1.79734e+009
8.18	1.00885e+008	1.58509e+009
8.19	1.16736e+008	1.32682e+009
8.2	1.30004e+008	1.02798e+009
8.21	1.40284e+008	6.95171e+008
8.22	1.47235e+008	3.36045e+008
8.23	1.50596e+008	-4.08779e+007
8.24	1.50187e+008	-4.26403e+008
8.25	1.45923e+008	-8.10882e+008
8.26	1.37814e+008	-1.18444e+009
8.27	1.2597e+008	-1.53725e+009
8.28	1.10597e+008	-1.85973e+009
8.29	9.19999e+007	-2.14286e+009
8.3	7.05713e+007	-2.37838e+009
8.31	4.67875e+007	-2.55904e+009
8.32	2.11971e+007	-2.67882e+009
8.33	-5.59111e+006	-2.73308e+009
8.34	-3.29219e+007	-2.71877e+009
8.35	-6.01096e+007	-2.63449e+009
8.36	-8.64545e+007	-2.48061e+009
8.37	-1.11261e+008	-2.25929e+009
8.38	-1.33853e+008	-1.97446e+009
8.39	-1.53598e+008	-1.63179e+009
8.4	-1.69916e+008	-1.23858e+009
8.41	-1.82302e+008	-8.03597e+008
8.42	-1.90338e+008	-3.36905e+008
8.43	-1.93707e+008	1.5036e+008
8.44	-1.92203e+008	6.4625e+008
8.45	-1.85741e+008	1.13829e+009
8.46	-1.74358e+008	1.61379e+009
8.47	-1.5822e+008	2.06014e+009
8.48	-1.37619e+008	2.46519e+009
8.49	-1.12967e+008	2.81749e+009
8.5	-8.47918e+007	3.10668e+009
8.51	-5.3725e+007	3.32375e+009
8.52	-2.04875e+007	3.46129e+009
8.53	1.41254e+007	3.51373e+009
8.54	4.92627e+007	3.47757e+009
8.55	8.40385e+007	3.35146e+009
8.56	1.17553e+008	3.13632e+009
8.57	1.48916e+008	2.83539e+009
8.58	1.7727e+008	2.45416e+009
8.59	2.01812e+008	2.00035e+009
8.6	2.21815e+008	1.48371e+009
8.61	2.36652e+008	9.15864e+008
8.62	2.45811e+008	3.10034e+008
8.63	2.48911e+008	-3.19242e+008
8.64	2.45719e+008	-9.56456e+008
8.65	2.36154e+008	-1.5855e+009
8.66	2.20299e+008	-2.19005e+009
8.67	1.98399e+008	-2.75402e+009
8.68	1.70859e+008	-3.26192e+009
8.69	1.3824e+008	-3.69932e+009
8.7	1.01246e+008	-4.05321e+009
8.71	6.07143e+007	-4.3124e+009
8.72	1.75903e+007	-4.46783e+009
8.73	-2.7088e+007	-4.51286e+009
8.74	-7.22167e+007	-4.44352e+009
8.75	-1.16652e+008	-4.25864e+009
8.76	-1.59238e+008	-3.96001e+009
8.77	-1.98838e+008	-3.55236e+009
8.78	-2.34362e+008	-3.04334e+009
8.79	-2.64795e+008	-2.44337e+009
8.8	-2.89229e+008	-1.76549e+009
8.81	-3.06884e+008	-1.02507e+009
8.82	-3.17135e+008	-2.39444e+008
8.83	-3.19529e+008	5.7242e+008
8.84	-3.13805e+008	1.39041e+009
8.85	-2.99901e+008	2.19376e+009
8.86	-2.77963e+008	2.9615e+009
8.87	-2.48348e+008	3.67309e+009
8.88	-2.11617e+008	4.30886e+009
8.89	-1.68529e+008	4.8506e+009
8.9	-1.20023e+008	5.28203e+009
8.91	-6.72024e+007	5.58929e+009
8.92	-1.13095e+007	5.76133e+009
8.93	4.63038e+007	5.79028e+009
8.94	1.04207e+008	5.67174e+009
8.95	1.60924e+008	5.40497e+009
8.96	2.14974e+008	4.99301e+009
8.97	2.64904e+008	4.44268e+009
8.98	3.09331e+008	3.76452e+009
8.99	3.46976e+008	2.97264e+009
9	3.76702e+008	2.08438e+009
9.01	3.97546e+008	1.12002e+009
9.02	4.08746e+008	1.02302e+008
9.03	4.09769e+008	-9.44088e+008
9.04	4.00328e+008	-1.9931e+009
9.05	3.80397e+008	-3.01794e+009
9.06	3.50218e+008	-3.99175e+009
9.07	3.103e+008	-4.88831e+009
9.08	2.61417e+008	-5.68268e+009
9.09	2.0459e+008	-6.35191e+009
9.1	1.41071e+008	-6.87566e+009
9.11	7.23148e+007	-7.2368e+009
9.12	-53272.6	-7.42193e+009
9.13	-7.42726e+007	-7.42179e+009
9.14	-1.48491e+008	-7.23166e+009
9.15	-2.20807e+008	-6.85152e+009
9.16	-2.89322e+008	-6.28625e+009
9.17	-3.52185e+008	-5.54559e+009
9.18	-4.07641e+008	-4.644e+009
9.19	-4.54081e+008	-3.60044e+009
9.2	-4.90085e+008	-2.43799e+009
9.21	-5.14465e+008	-1.18337e+009
9.22	-5.26299e+008	1.33659e+008
9.23	-5.24962e+008	1.48098e+009
9.24	-5.10152e+008	2.82489e+009
9.25	-4.81903e+008	4.13088e+009
9.26	-4.40595e+008	5.36455e+009
9.27	-3.86949e+008	6.49247e+009
9.28	-3.22024e+008	7.48306e+009
9.29	-2.47194e+008	8.30744e+009
9.3	-1.64119e+008	8.94026e+009
9.31	-7.47168e+007	9.3604e+009
9.32	1.88872e+007	9.55168e+009
9.33	1.14404e+008	9.50333e+009
9.34	2.09437e+008	9.21045e+009
9.35	3.01542e+008	8.67429e+009
9.36	3.88285e+008	7.90235e+009
9.37	4.67308e+008	6.90834e+009
9.38	5.36392e+008	5.71203e+009
9.39	5.93512e+008	4.33887e+009
9.4	6.36901e+008	2.81948e+009
9.41	6.65095e+008	1.18901e+009
9.42	6.76985e+008	-5.13634e+008
9.43	6.71849e+008	-2.24672e+009
9.44	6.49382e+008	-3.96665e+009
9.45	6.09715e+008	-5.62907e+009
9.46	5.53425e+008	-7.18994e+009
9.47	4.81525e+008	-8.60671e+009
9.48	3.95458e+008	-9.83941e+009
9.49	2.97064e+008	-1.08518e+010
9.5	1.88546e+008	-1.16123e+010
9.51	7.24236e+007	-1.20949e+010
9.52	-4.85259e+007	-1.22804e+010
9.53	-1.71329e+008	-1.21561e+010
9.54	-2.92891e+008	-1.17175e+010
9.55	-4.10066e+008	-1.09677e+010
9.56	-5.19743e+008	-9.91795e+009
9.57	-6.18923e+008	-8.58741e+009
9.58	-7.04797e+008	-7.00297e+009
9.59	-7.74826e+008	-5.19869e+009
9.6	-8.26813e+008	-3.21513e+009
9.61	-8.58965e+008	-1.09849e+009
9.62	-8.6995e+008	1.10046e+009
9.63	-8.58945e+008	3.32753e+009
9.64	-8.2567e+008	5.52643e+009
9.65	-7.70406e+008	7.64014e+009
9.66	-6.94004e+008	9.61238e+009
9.67	-5.9788e+008	1.1389e+010
9.68	-4.8399e+008	1.29196e+010
9.69	-3.54794e+008	1.41586e+010
9.7	-2.13208e+008	1.50669e+010
9.71	-6.25388e+007	1.56127e+010
9.72	9.35882e+007	1.57728e+010
9.73	2.51316e+008	1.55332e+010
9.74	4.06648e+008	1.48898e+010
9.75	5.55547e+008	1.38488e+010
9.76	6.94035e+008	1.24266e+010
9.77	8.18301e+008	1.06499e+010
9.78	9.248e+008	8.55505e+009
9.79	1.01035e+009	6.18756e+009
9.8	1.07223e+009	3.60106e+009
9.81	1.10824e+009	8.56159e+008
9.82	1.1168e+009	-1.98093e+009
9.83	1.09699e+009	-4.83993e+009
9.84	1.04859e+009	-7.64823e+009
9.85	9.72108e+008	-1.03326e+010
9.86	8.68782e+008	-1.28212e+010
9.87	7.40569e+008	-1.50453e+010
9.88	5.90117e+008	-1.69411e+010
9.89	4.20705e+008	-1.84518e+010
9.9	2.36187e+008	-1.95289e+010
9.91	4.0898e+007	-2.01335e+010
9.92	-1.60437e+008	-2.02382e+010
9.93	-3.62819e+008	-1.98275e+010
9.94	-5.61093e+008	-1.88987e+010
9.95	-7.5008e+008	-1.74623e+010
9.96	-9.24703e+008	-1.55421e+010
9.97	-1.08012e+009	-1.31748e+010
9.98	-1.21187e+009	-1.04097e+010
9.99	-1.31597e+009	-7.30731e+009
10	-1.38904e+009	-3.93843e+009
10.01	-1.42843e+009	-3.82483e+008
10.02	-1.43225e+009	3.27429e+009
10.03	-1.39951e+009	6.94085e+009
10.04	-1.3301e+009	1.05236e+010
10.05	-1.22486e+009	1.39286e+010
10.06	-1.08558e+009	1.70643e+010
10.07	-9.14934e+008	1.98434e+010
10.08	-7.165e+008	2.21856e+010
10.09	-4.94644e+008	2.40198e+010
10.1	-2.54446e+008	2.52861e+010
10.11	-1.58457e+006	2.59375e+010
10.12	2.57791e+008	2.59416e+010
10.13	5.17206e+008	2.52816e+010
10.14	7.70022e+008	2.39576e+010
10.15	1.0096e+009	2.19863e+010
10.16	1.22946e+009	1.94017e+010
10.17	1.42348e+009	1.62543e+010
10.18	1.58602e+009	1.26102e+010
10.19	1.71212e+009	8.55e+009
10.2	1.79762e+009	4.16696e+009
10.21	1.83929e+009	-4.34953e+008
10.22	1.83494e+009	-5.14355e+009
10.23	1.78351e+009	-9.841e+009
10.24	1.6851e+009	-1.44068e+010
10.25	1.54103e+009	-1.87206e+010
10.26	1.35382e+009	-2.26657e+010
10.27	1.12717e+009	-2.61315e+010
10.28	8.65853e+008	-2.9017e+010
10.29	5.75683e+008	-3.12336e+010
10.3	2.63347e+008	-3.27074e+010
10.31	-6.37266e+007	-3.33815e+010
10.32	-3.97542e+008	-3.32184e+010
10.33	-7.29726e+008	-3.22007e+010
10.34	-1.05173e+009	-3.03326e+010
10.35	-1.35506e+009	-2.76401e+010
10.36	-1.63146e+009	-2.41712e+010
10.37	-1.87317e+009	-1.99947e+010
10.38	-2.07312e+009	-1.51993e+010
10.39	-2.22511e+009	-9.89215e+009
10.4	-2.32403e+009	-4.19587e+009
10.41	-2.36599e+009	1.75365e+009
10.42	-2.34845e+009	7.81059e+009
10.43	-2.27035e+009	1.38226e+010
10.44	-2.13212e+009	1.96347e+010
10.45	-1.93578e+009	2.5093e+010
10.46	-1.68485e+009	3.00485e+010
10.47	-1.38436e+009	3.43618e+010
10.48	-1.04074e+009	3.79057e+010
10.49	-6.61685e+008	4.057e+010
10.5	-2.55985e+008	4.22639e+010
10.51	1.66654e+008	4.29193e+010
10.52	5.95847e+008	4.24926e+010
10.53	1.02077e+009	4.09673e+010
10.54	1.43045e+009	3.83541e+010
10.55	1.81399e+009	3.46921e+010
10.56	2.16091e+009	3.00483e+010
10.57	2.46139e+009	2.45164e+010
10.58	2.70655e+009	1.82152e+010
10.59	2.88871e+009	1.12865e+010
10.6	3.00157e+009	3.89138e+009
10.61	3.04049e+009	-3.79265e+009
10.62	3.00256e+009	-1.15763e+010
10.63	2.8868e+009	-1.92628e+010
10.64	2.69417e+009	-2.6653e+010
10.65	2.42764e+009	-3.35501e+010
10.66	2.09214e+009	-3.97649e+010
10.67	1.69449e+009	-4.51207e+010
10.68	1.24328e+009	-4.94586e+010
10.69	7.48694e+008	-5.26414e+010
10.7	2.2228e+008	-5.45581e+010
10.71	-3.23301e+008	-5.51271e+010
10.72	-8.74572e+008	-5.42995e+010
10.73	-1.41757e+009	-5.20606e+010
10.74	-1.93817e+009	-4.84316e+010
10.75	-2.42249e+009	-4.34699e+010
10.76	-2.85719e+009	-3.72683e+010
10.77	-3.22987e+009	-2.99539e+010
10.78	-3.52941e+009	-2.16854e+010
10.79	-3.74626e+009	-1.26501e+010
10.8	-3.87276e+009	-3.05972e+009
10.81	-3.90336e+009	6.85456e+009
10.82	-3.83482e+009	1.68472e+010
10.83	-3.66634e+009	2.66643e+010
10.84	-3.3997e+009	3.60501e+010
10.85	-3.0392e+009	4.47534e+010
10.86	-2.59167e+009	5.25337e+010
10.87	-2.06633e+009	5.91684e+010
10.88	-1.47465e+009	6.44582e+010
10.89	-8.30063e+008	6.82333e+010
10.9	-1.4773e+008	7.03582e+010
10.91	5.55852e+008	7.07364e+010
10.92	1.26322e+009	6.93135e+010
10.93	1.95635e+009	6.60796e+010
10.94	2.61715e+009	6.10714e+010
10.95	3.22786e+009	5.43715e+010
10.96	3.77158e+009	4.61081e+010
10.97	4.23266e+009	3.64529e+010
10.98	4.59719e+009	2.56173e+010
10.99	4.85336e+009	1.38485e+010
11	4.99184e+009	1.42391e+009
11.01	5.00608e+009	-1.13552e+010
11.02	4.89253e+009	-2.41708e+010
11.03	4.65082e+009	-3.66957e+010
11.04	4.28387e+009	-4.86018e+010
11.05	3.79785e+009	-5.95685e+010
11.06	3.20216e+009	-6.9291e+010
11.07	2.50925e+009	-7.74885e+010
11.08	1.73437e+009	-8.39122e+010
11.09	8.95248e+008	-8.83522e+010
11.1	1.17258e+007	-9.0644e+010
11.11	-8.94714e+008	-9.0674e+010
11.12	-1.80145e+009	-8.83836e+010
11.13	-2.68529e+009	-8.37718e+010
11.14	-3.52301e+009	-7.68975e+010
11.15	-4.29198e+009	-6.78786e+010
11.16	-4.97077e+009	-5.68911e+010
11.17	-5.53968e+009	-4.41659e+010
11.18	-5.98134e+009	-2.99844e+010
11.19	-6.28118e+009	-1.46721e+010
11.2	-6.42791e+009	1.4077e+009
11.21	-6.41383e+009	1.78631e+010
11.22	-6.2352e+009	3.42825e+010
11.23	-5.89237e+009	5.02446e+010
11.24	-5.38993e+009	6.53291e+010
11.25	-4.73663e+009	7.91273e+010
11.26	-3.94536e+009	9.12531e+010
11.27	-3.03283e+009	1.01353e+011
11.28	-2.0193e+009	1.09117e+011
11.29	-9.28125e+008	1.14287e+011
11.3	2.14742e+008	1.16663e+011
11.31	1.38137e+009	1.16113e+011
11.32	2.5425e+009	1.12577e+011
11.33	3.66826e+009	1.06068e+011
11.34	4.72894e+009	9.66771e+010
11.35	5.69571e+009	8.4571e+010
11.36	6.54142e+009	6.999e+010
11.37	7.24132e+009	5.32439e+010
11.38	7.77376e+009	3.47061e+010
11.39	8.12082e+009	1.48053e+010
11.4	8.26888e+009	-5.98401e+009
11.41	8.20904e+009	-2.71523e+010
11.42	7.93751e+009	-4.81675e+010
11.43	7.45584e+009	-6.84875e+010
11.44	6.77096e+009	-8.75744e+010
11.45	5.89522e+009	-1.04908e+011
11.46	4.84614e+009	-1.2e+011
11.47	3.64614e+009	-1.32406e+011
11.48	2.32208e+009	-1.4174e+011
11.49	9.04678e+008	-1.47685e+011
11.5	-5.72168e+008	-1.50001e+011
11.51	-2.07217e+009	-1.48536e+011
11.52	-3.55753e+009	-1.43231e+011
11.53	-4.98984e+009	-1.34124e+011
11.54	-6.33108e+009	-1.2135e+011
11.55	-7.54458e+009	-1.05142e+011
11.56	-8.596e+009	-8.58281e+010
11.57	-9.45428e+009	-6.38223e+010
11.58	-1.00925e+010	-3.96194e+010
11.59	-1.04887e+010	-1.37826e+010
11.6	-1.06265e+010	1.30685e+010
11.61	-1.04958e+010	4.02724e+010
11.62	-1.00931e+010	6.71418e+010
11.63	-9.4217e+009	9.29801e+010
11.64	-8.4919e+009	1.171e+011
11.65	-7.3209e+009	1.38839e+011
11.66	-5.93251e+009	1.5758e+011
11.67	-4.35671e+009	1.72768e+011
11.68	-2.62903e+009	1.83921e+011
11.69	-7.89821e+008	1.90651e+011
11.7	1.11669e+009	1.92673e+011
11.71	3.04342e+009	1.89814e+011
11.72	4.94157e+009	1.82023e+011
11.73	6.7618e+009	1.69373e+011
11.74	8.45553e+009	1.52063e+011
11.75	9.97615e+009	1.30416e+011
11.76	1.12803e+010	1.04878e+011
11.77	1.23291e+010	7.59999e+010
11.78	1.30891e+010	4.44374e+010
11.79	1.35335e+010	1.09294e+010
11.8	1.36428e+010	-2.37163e+010
11.81	1.34056e+010	-5.86418e+010
11.82	1.28192e+010	-9.29601e+010
11.83	1.18896e+010	-1.25777e+011
11.84	1.06318e+010	-1.56215e+011
11.85	9.06966e+009	-1.83432e+011
11.86	7.23534e+009	-2.0665e+011
11.87	5.16884e+009	-2.25173e+011
11.88	2.91711e+009	-2.38405e+011
11.89	5.33061e+008	-2.45873e+011
11.9	-1.92567e+009	-2.47237e+011
11.91	-4.39804e+009	-2.42308e+011
11.92	-6.82112e+009	-2.31049e+011
11.93	-9.1316e+009	-2.13587e+011
11.94	-1.12675e+010	-1.9021e+011
11.95	-1.31696e+010	-1.61365e+011
11.96	-1.47832e+010	-1.27651e+011
11.97	-1.60597e+010	-8.98059e+010
11.98	-1.69578e+010	-4.8693e+010
11.99	-1.74447e+010	-5.28104e+009
12	-1.74975e+010	3.93774e+010
12.01	-1.71038e+010	8.41711e+010
12.02	-1.6262e+010	1.27957e+011
12.03	-1.49825e+010	1.69588e+011
12.04	-1.32866e+010	2.07943e+011
12.05	-1.12072e+010	2.41956e+011
12.06	-8.78761e+009	2.70647e+011
12.07	-6.08114e+009	2.93143e+011
12.08	-3.14971e+009	3.08711e+011
12.09	-6.26045e+007	3.16774e+011
12.1	3.10514e+009	3.16934e+011
12.11	6.27448e+009	3.08985e+011
12.12	9.36433e+009	2.92922e+011
12.13	1.22936e+010	2.6895e+011
12.14	1.49831e+010	2.37478e+011
12.15	1.73578e+010	1.99122e+011
12.16	1.9349e+010	1.54686e+011
12.17	2.08959e+010	1.05152e+011
12.18	2.19474e+010	5.16585e+010
12.19	2.2464e+010	-4.5269e+009
12.2	2.24187e+010	-6.20348e+010
12.21	2.17984e+010	-1.19427e+011
12.22	2.06041e+010	-1.75231e+011
12.23	1.88518e+010	-2.27977e+011
12.24	1.6572e+010	-2.76238e+011
12.25	1.38097e+010	-3.18662e+011
12.26	1.0623e+010	-3.54015e+011
12.27	7.0829e+009	-3.8121e+011
12.28	3.2708e+009	-3.99342e+011
12.29	-7.22627e+008	-4.07716e+011
12.3	-4.79978e+009	-4.05866e+011
12.31	-8.85844e+009	-3.93578e+011
12.32	-1.27942e+010	-3.70901e+011
12.33	-1.65032e+010	-3.38147e+011
12.34	-1.98847e+010	-2.95899e+011
12.35	-2.28437e+010	-2.44994e+011
12.36	-2.52936e+010	-1.86514e+011
12.37	-2.71588e+010	-1.21763e+011
12.38	-2.83764e+010	-5.22362e+010
12.39	-2.88988e+010	2.04073e+010
12.4	-2.86947e+010	9.43882e+010
12.41	-2.77508e+010	1.67847e+011
12.42	-2.60723e+010	2.38889e+011
12.43	-2.36835e+010	3.05634e+011
12.44	-2.06271e+010	3.66264e+011
12.45	-1.69645e+010	4.19069e+011
12.46	-1.27738e+010	4.62498e+011
12.47	-8.14881e+009	4.95199e+011
12.48	-3.19682e+009	5.1606e+011
12.49	1.96377e+009	5.24244e+011
12.5	7.20621e+009	5.19217e+011
12.51	1.23984e+010	5.00769e+011
12.52	1.74061e+010	4.69029e+011
12.53	2.20964e+010	4.24469e+011
12.54	2.6341e+010	3.67903e+011
12.55	3.00201e+010	3.0047e+011
12.56	3.30248e+010	2.23618e+011
12.57	3.52609e+010	1.39075e+011
12.58	3.66517e+010	4.88067e+010
12.59	3.71398e+010	-4.50216e+010
12.6	3.66895e+010	-1.40099e+011
12.61	3.52885e+010	-2.34025e+011
12.62	3.29483e+010	-3.24363e+011
12.63	2.97047e+010	-4.08711e+011
12.64	2.56176e+010	-4.84755e+011
12.65	2.077e+010	-5.50336e+011
12.66	1.52667e+010	-6.03507e+011
12.67	9.23158e+009	-6.4259e+011
12.68	2.80568e+009	-6.66223e+011
12.69	-3.85654e+009	-6.73405e+011
12.7	-1.05906e+010	-6.63532e+011
12.71	-1.72259e+010	-6.3642e+011
12.72	-2.35901e+010	-5.92322e+011
12.73	-2.95133e+010	-5.31931e+011
12.74	-3.48327e+010	-4.56377e+011
12.75	-3.93964e+010	-3.67206e+011
12.76	-4.30685e+010	-2.66351e+011
12.77	-4.5732e+010	-1.56095e+011
12.78	-4.72929e+010	-3.90215e+010
12.79	-4.76832e+010	8.20484e+010
12.8	-4.68627e+010	2.04117e+011
12.81	-4.48215e+010	3.24086e+011
12.82	-4.15807e+010	4.38829e+011
12.83	-3.71924e+010	5.45275e+011
12.84	-3.17396e+010	6.40488e+011
12.85	-2.53347e+010	7.21741e+011
12.86	-1.81173e+010	7.86598e+011
12.87	-1.02513e+010	8.32978e+011
12.88	-1.92156e+009	8.59222e+011
12.89	6.67066e+009	8.64141e+011
12.9	1.53121e+010	8.47064e+011
12.91	2.37827e+010	8.07865e+011
12.92	3.18614e+010	7.46981e+011
12.93	3.93312e+010	6.65416e+011
12.94	4.59853e+010	5.64729e+011
12.95	5.16326e+010	4.47006e+011
12.96	5.61027e+010	3.14827e+011
12.97	5.9251e+010	1.71204e+011
12.98	6.0963e+010	1.95212e+010
12.99	6.11582e+010	-1.36544e+011
13	5.97928e+010	-2.93109e+011
13.01	5.68617e+010	-4.46179e+011
13.02	5.23999e+010	-5.91744e+011
13.03	4.64824e+010	-7.25888e+011
13.04	3.92236e+010	-8.44883e+011
13.05	3.07747e+010	-9.45296e+011
13.06	2.13218e+010	-1.02408e+012
13.07	1.1081e+010	-1.07866e+012
13.08	2.94361e+008	-1.10703e+012
13.09	-1.07759e+010	-1.10778e+012
13.1	-2.18538e+010	-1.0802e+012
13.11	-3.26557e+010	-1.02425e+012
13.12	-4.28983e+010	-9.40653e+011
13.13	-5.23048e+010	-8.30833e+011
13.14	-6.06131e+010	-6.96933e+011
13.15	-6.75824e+010	-5.41763e+011
13.16	-7.30001e+010	-3.68752e+011
13.17	-7.66876e+010	-1.81872e+011
13.18	-7.85063e+010	1.44482e+010
13.19	-7.83618e+010	2.15424e+011
13.2	-7.62076e+010	4.16031e+011
13.21	-7.20473e+010	6.11122e+011
13.22	-6.59361e+010	7.95563e+011
13.23	-5.79804e+010	9.6436e+011
13.24	-4.83368e+010	1.11279e+012
13.25	-3.72089e+010	1.23653e+012
13.26	-2.48436e+010	1.33179e+012
13.27	-1.15258e+010	1.39539e+012
13.28	2.4281e+009	1.42489e+012
13.29	1.6677e+010	1.41868e+012
13.3	3.08638e+010	1.37598e+012
13.31	4.46236e+010	1.29697e+012
13.32	5.75933e+010	1.18274e+012
13.33	6.94207e+010	1.0353e+012
13.34	7.97737e+010	8.57579e+011
13.35	8.83495e+010	6.53359e+011
13.36	9.4883e+010	4.27184e+011
13.37	9.91549e+010	1.84284e+011
13.38	1.00998e+011	-6.95527e+010
13.39	1.00302e+011	-3.28107e+011
13.4	9.70211e+010	-5.84881e+011
13.41	9.11723e+010	-8.33255e+011
13.42	8.28398e+010	-1.06666e+012
13.43	7.21732e+010	-1.27873e+012
13.44	5.9386e+010	-1.46349e+012
13.45	4.47511e+010	-1.61552e+012
13.46	2.85959e+010	-1.73008e+012
13.47	1.12951e+010	-1.80329e+012
13.48	-6.73775e+009	-1.8322e+012
13.49	-2.50598e+010	-1.81495e+012
13.5	-4.32093e+010	-1.7508e+012
13.51	-6.07173e+010	-1.64018e+012
13.52	-7.71191e+010	-1.48475e+012
13.53	-9.19666e+010	-1.28732e+012
13.54	-1.0484e+011	-1.05189e+012
13.55	-1.15359e+011	-7.83498e+011
13.56	-1.23194e+011	-4.8818e+011
13.57	-1.28075e+011	-1.72804e+011
13.58	-1.29803e+011	1.55069e+011
13.59	-1.28253e+011	4.87366e+011
13.6	-1.23379e+011	8.15693e+011
13.61	-1.15222e+011	1.13154e+012
13.62	-1.03907e+011	1.42651e+012
13.63	-8.96416e+010	1.69251e+012
13.64	-7.27165e+010	1.922e+012
13.65	-5.34965e+010	2.10815e+012
13.66	-3.2415e+010	2.2451e+012
13.67	-9.964e+009	2.32808e+012
13.68	1.33168e+010	2.35359e+012
13.69	3.68528e+010	2.3195e+012
13.7	6.00478e+010	2.22516e+012
13.71	8.22994e+010	2.07144e+012
13.72	1.03014e+011	1.86075e+012
13.73	1.21621e+011	1.59703e+012
13.74	1.37592e+011	1.28568e+012
13.75	1.50448e+011	9.3345e+011
13.76	1.59783e+011	5.48302e+011
13.77	1.65266e+011	1.39258e+011
13.78	1.66658e+011	-2.83823e+011
13.79	1.6382e+011	-7.10469e+011
13.8	1.56716e+011	-1.12985e+012
13.81	1.45417e+011	-1.53104e+012
13.82	1.30107e+011	-1.90331e+012
13.83	1.11074e+011	-2.23638e+012
13.84	8.87098e+010	-2.52073e+012
13.85	6.35025e+010	-2.74783e+012
13.86	3.60242e+010	-2.91039e+012
13.87	6.92028e+009	-3.00262e+012
13.88	-2.31059e+010	-3.02033e+012
13.89	-5.33092e+010	-2.96118e+012
13.9	-8.2921e+010	-2.82471e+012
13.91	-1.11168e+011	-2.61243e+012
13.92	-1.37292e+011	-2.32784e+012
13.93	-1.60571e+011	-1.97637e+012
13.94	-1.80335e+011	-1.56531e+012
13.95	-1.95988e+011	-1.10365e+012
13.96	-2.07024e+011	-6.01926e+011
13.97	-2.13043e+011	-7.19444e+010
13.98	-2.13763e+011	4.73447e+011
13.99	-2.09028e+011	1.02068e+012
14	-1.98822e+011	1.55579e+012
14.01	-1.83264e+011	2.06478e+012
14.02	-1.62616e+011	2.53393e+012
14.03	-1.37277e+011	2.95023e+012
14.04	-1.07774e+011	3.30166e+012
14.05	-7.47578e+010	3.57756e+012
14.06	-3.89822e+010	3.76894e+012
14.07	-1.29283e+009	3.86873e+012
14.08	3.73945e+010	3.87204e+012
14.09	7.61149e+010	3.77631e+012
14.1	1.13878e+011	3.58146e+012
14.11	1.49693e+011	3.28993e+012
14.12	1.82592e+011	2.90672e+012
14.13	2.11659e+011	2.43928e+012
14.14	2.36052e+011	1.89743e+012
14.15	2.55026e+011	1.29314e+012
14.16	2.67958e+011	6.40274e+011
14.17	2.7436e+011	-4.56973e+010
14.18	2.73903e+011	-7.4806e+011
14.19	2.66423e+011	-1.44925e+012
14.2	2.5193e+011	-2.1313e+012
14.21	2.30617e+011	-2.77624e+012
14.22	2.02855e+011	-3.36662e+012
14.23	1.69189e+011	-3.88593e+012
14.24	1.3033e+011	-4.31905e+012
14.25	8.71391e+010	-4.65269e+012
14.26	4.06121e+010	-4.87577e+012
14.27	-8.14556e+009	-4.97974e+012
14.28	-5.79429e+010	-4.95888e+012
14.29	-1.07532e+011	-4.81055e+012
14.3	-1.55637e+011	-4.53527e+012
14.31	-2.0099e+011	-4.13684e+012
14.32	-2.42358e+011	-3.6223e+012
14.33	-2.78581e+011	-3.00187e+012
14.34	-3.086e+011	-2.2887e+012
14.35	-3.31487e+011	-1.49868e+012
14.36	-3.46474e+011	-6.50075e+011
14.37	-3.52975e+011	2.36898e+011
14.38	-3.50606e+011	1.14051e+012
14.39	-3.392e+011	2.03806e+012
14.4	-3.1882e+011	2.90642e+012
14.41	-2.89756e+011	3.72259e+012
14.42	-2.5253e+011	4.46437e+012
14.43	-2.07886e+011	5.11084e+012
14.44	-1.56778e+011	5.64303e+012
14.45	-1.00347e+011	6.04438e+012
14.46	-3.99034e+010	6.30127e+012
14.47	2.31094e+010	6.40342e+012
14.48	8.71436e+010	6.34426e+012
14.49	1.50586e+011	6.12118e+012
14.5	2.11798e+011	5.73568e+012
14.51	2.69155e+011	5.19347e+012
14.52	3.2109e+011	4.50444e+012
14.53	3.66134e+011	3.68245e+012
14.54	4.02958e+011	2.74515e+012
14.55	4.3041e+011	1.71357e+012
14.56	4.47546e+011	6.11722e+011
14.57	4.53663e+011	-5.33994e+011
14.58	4.48323e+011	-1.69537e+012
14.59	4.31369e+011	-2.84308e+012
14.6	4.02938e+011	-3.94738e+012
14.61	3.63465e+011	-4.9789e+012
14.62	3.13675e+011	-5.90937e+012
14.63	2.54582e+011	-6.71238e+012
14.64	1.87458e+011	-7.36411e+012
14.65	1.13817e+011	-7.844e+012
14.66	3.53768e+010	-8.13538e+012
14.67	-4.5977e+010	-8.22594e+012
14.68	-1.28236e+011	-8.10824e+012
14.69	-2.09319e+011	-7.77995e+012
14.7	-2.87118e+011	-7.2441e+012
14.71	-3.59559e+011	-6.50907e+012
14.72	-4.2465e+011	-5.5886e+012
14.73	-4.80536e+011	-4.5015e+012
14.74	-5.25551e+011	-3.27133e+012
14.75	-5.58264e+011	-1.92592e+012
14.76	-5.77523e+011	-4.96759e+011
14.77	-5.82491e+011	9.81701e+011
14.78	-5.72674e+011	2.47288e+012
14.79	-5.47945e+011	3.93892e+012
14.8	-5.08556e+011	5.34166e+012
14.81	-4.55139e+011	6.64357e+012
14.82	-3.88704e+011	7.80872e+012
14.83	-3.10616e+011	8.80381e+012
14.84	-2.22578e+011	9.59898e+012
14.85	-1.26589e+011	1.01688e+013
14.86	-2.49007e+010	1.04929e+013
14.87	8.00278e+010	1.05566e+013
14.88	1.85594e+011	1.03517e+013
14.89	2.89111e+011	9.87661e+012
14.9	3.87877e+011	9.13648e+012
14.91	4.79242e+011	8.14352e+012
14.92	5.60677e+011	6.91666e+012
14.93	6.29844e+011	5.48132e+012
14.94	6.84657e+011	3.86892e+012
14.95	7.23346e+011	2.1162e+012
14.96	7.44508e+011	2.64437e+011
14.97	7.47153e+011	-1.6415e+012
14.98	7.30737e+011	-3.55421e+012
14.99	6.95195e+011	-5.4249e+012
15	6.40946e+011	-7.2046e+012
15.01	5.689e+011	-8.84542e+012
15.02	4.80446e+011	-1.03018e+013
15.03	3.77428e+011	-1.15318e+013
15.04	2.6211e+011	-1.2498e+013
15.05	1.37131e+011	-1.3169e+013
15.06	5.44106e+009	-1.352e+013
15.07	-1.29759e+011	-1.3534e+013
15.08	-2.65099e+011	-1.32018e+013
15.09	-3.97116e+011	-1.25231e+013
15.1	-5.22348e+011	-1.15065e+013
15.11	-6.37413e+011	-1.01693e+013
15.12	-7.39105e+011	-8.53751e+012
15.13	-8.24481e+011	-6.6454e+012
15.14	-8.90935e+011	-4.53473e+012
15.15	-9.36282e+011	-2.25394e+012
15.16	-9.58821e+011	1.42942e+011
15.17	-9.57392e+011	2.59752e+012
15.18	-9.31417e+011	5.04845e+012
15.19	-8.80932e+011	7.43287e+012
15.2	-8.06603e+011	9.68806e+012
15.21	-7.09723e+011	1.1753e+013
15.22	-5.92193e+011	1.35699e+013
15.23	-4.56495e+011	1.50859e+013
15.24	-3.05636e+011	1.62545e+013
15.25	-1.43091e+011	1.70369e+013
15.26	2.72783e+010	1.74032e+013
15.27	2.01311e+011	1.73334e+013
15.28	3.74645e+011	1.68181e+013
15.29	5.42825e+011	1.5859e+013
15.3	7.01415e+011	1.44693e+013
15.31	8.46108e+011	1.26737e+013
15.32	9.72845e+011	1.05077e+013
15.33	1.07792e+012	8.01719e+012
15.34	1.15809e+012	5.25771e+012
15.35	1.21067e+012	2.29299e+012
15.36	1.2336e+012	-8.06332e+011
15.37	1.22554e+012	-3.96435e+012
15.38	1.18589e+012	-7.10173e+012
15.39	1.11488e+012	-1.01376e+013
15.4	1.0135e+012	-1.29917e+013
15.41	8.83583e+011	-1.55863e+013
15.42	7.27721e+011	-1.78482e+013
15.43	5.49239e+011	-1.97112e+013
15.44	3.52127e+011	-2.11172e+013
15.45	1.40954e+011	-2.20187e+013
15.46	-7.92328e+010	-2.23795e+013
15.47	-3.03028e+011	-2.21767e+013
15.48	-5.24795e+011	-2.14009e+013
15.49	-7.38805e+011	-2.00575e+013
15.5	-9.39379e+011	-1.81661e+013
15.51	-1.12104e+012	-1.57613e+013
15.52	-1.27865e+012	-1.28915e+013
15.53	-1.40757e+012	-9.6181e+012
15.54	-1.50375e+012	-6.01473e+012
15.55	-1.5639e+012	-2.16513e+012
15.56	-1.58555e+012	1.83845e+012
15.57	-1.56716e+012	5.89745e+012
15.58	-1.50819e+012	9.90939e+012
15.59	-1.4091e+012	1.37704e+013
15.6	-1.27139e+012	1.73776e+013
15.61	-1.09762e+012	2.06324e+013
15.62	-8.91291e+011	2.34423e+013
15.63	-6.56868e+011	2.5724e+013
15.64	-3.99628e+011	2.74056e+013
15.65	-1.25573e+011	2.84286e+013
15.66	1.58714e+011	2.87501e+013
15.67	4.46215e+011	2.83438e+013
15.68	7.29653e+011	2.72015e+013
15.69	1.00167e+012	2.53336e+013
15.7	1.255e+012	2.27693e+013
15.71	1.4827e+012	1.95565e+013
15.72	1.67826e+012	1.57608e+013
15.73	1.83587e+012	1.14644e+013
15.74	1.95051e+012	6.76462e+012
15.75	2.01816e+012	1.7713e+012
15.76	2.03587e+012	-3.39519e+012
15.77	2.00192e+012	-8.60702e+012
15.78	1.91585e+012	-1.37319e+013
15.79	1.77853e+012	-1.86365e+013
15.8	1.59217e+012	-2.31896e+013
15.81	1.36027e+012	-2.72655e+013
15.82	1.08762e+012	-3.07478e+013
15.83	7.80138e+011	-3.35321e+013
15.84	4.44817e+011	-3.55292e+013
15.85	8.95243e+010	-3.6668e+013
15.86	-2.77155e+011	-3.68972e+013
15.87	-6.46127e+011	-3.61876e+013
15.88	-1.008e+012	-3.45335e+013
15.89	-1.35334e+012	-3.19531e+013
15.9	-1.67287e+012	-2.84885e+013
15.91	-1.95775e+012	-2.4206e+013
15.92	-2.19981e+012	-1.91941e+013
15.93	-2.39176e+012	-1.35626e+013
15.94	-2.52738e+012	-7.4397e+012
15.95	-2.60178e+012	-9.69603e+011
15.96	-2.61147e+012	5.69095e+012
15.97	-2.55456e+012	1.23763e+013
15.98	-2.4308e+012	1.8916e+013
15.99	-2.24164e+012	2.51389e+013
16	-1.99025e+012	3.08775e+013
16.01	-1.68148e+012	3.59725e+013
16.02	-1.32175e+012	4.02771e+013
16.03	-9.18982e+011	4.36608e+013
16.04	-4.82374e+011	4.60134e+013
16.05	-2.22406e+010	4.72483e+013
16.06	4.50242e+011	4.73052e+013
16.07	9.23294e+011	4.61526e+013
16.08	1.38482e+012	4.37889e+013
16.09	1.82271e+012	4.02438e+013
16.1	2.22515e+012	3.55777e+013
16.11	2.58092e+012	2.98813e+013
16.12	2.87974e+012	2.32741e+013
16.13	3.11248e+012	1.5902e+013
16.14	3.2715e+012	7.93406e+012
16.15	3.35084e+012	-4.40978e+011
16.16	3.34643e+012	-9.01912e+012
16.17	3.25624e+012	-1.7586e+013
16.18	3.08038e+012	-2.59219e+013
16.19	2.82116e+012	-3.38077e+013
16.2	2.48308e+012	-4.10299e+013
16.21	2.07278e+012	-4.73866e+013
16.22	1.59892e+012	-5.26929e+013
16.23	1.07199e+012	-5.67861e+013
16.24	5.04126e+011	-5.95304e+013
16.25	-9.11777e+010	-6.0821e+013
16.26	-6.99387e+011	-6.05876e+013
16.27	-1.30526e+012	-5.87971e+013
16.28	-1.89323e+012	-5.54556e+013
16.29	-2.44779e+012	-5.0609e+013
16.3	-2.95388e+012	-4.43426e+013
16.31	-3.39731e+012	-3.67807e+013
16.32	-3.76511e+012	-2.80836e+013
16.33	-4.04595e+012	-1.84449e+013
16.34	-4.2304e+012	-8.08727e+012
16.35	-4.31127e+012	2.74255e+012
16.36	-4.28385e+012	1.37794e+013
16.37	-4.14605e+012	2.4746e+013
16.38	-3.89859e+012	3.53599e+013
16.39	-3.54499e+012	4.53403e+013
16.4	-3.09159e+012	5.44155e+013
16.41	-2.54743e+012	6.233e+013
16.42	-1.92413e+012	6.88514e+013
16.43	-1.23562e+012	7.37772e+013
16.44	-4.97847e+011	7.69404e+013
16.45	2.71557e+011	7.82149e+013
16.46	1.05371e+012	7.75197e+013
16.47	1.8289e+012	7.48222e+013
16.48	2.57712e+012	7.01402e+013
16.49	3.27853e+012	6.35428e+013
16.5	3.91395e+012	5.51497e+013
16.51	4.46545e+012	4.513e+013
16.52	4.91675e+012	3.36985e+013
16.53	5.25374e+012	2.11116e+013
16.54	5.46485e+012	7.66202e+012
16.55	5.54147e+012	-6.328e+012
16.56	5.47819e+012	-2.05142e+013
16.57	5.27305e+012	-3.45383e+013
16.58	4.92767e+012	-4.80373e+013
16.59	4.44729e+012	-6.06522e+013
16.6	3.84077e+012	-7.20372e+013
16.61	3.1204e+012	-8.18696e+013
16.62	2.3017e+012	-8.98578e+013
16.63	1.40312e+012	-9.57502e+013
16.64	4.45622e+011	-9.93422e+013
16.65	-5.478e+011	-1.00483e+014
16.66	-1.55263e+012	-9.90806e+013
16.67	-2.54344e+012	-9.51059e+013
16.68	-3.49449e+012	-8.85947e+013
16.69	-4.38044e+012	-7.96488e+013
16.7	-5.17693e+012	-6.84349e+013
16.71	-5.86128e+012	-5.51819e+013
16.72	-6.4131e+012	-4.0177e+013
16.73	-6.81487e+012	-2.37595e+013
16.74	-7.05246e+012	-6.31346e+012
16.75	-7.1156e+012	1.17408e+013
16.76	-6.99819e+012	2.99568e+013
16.77	-6.69862e+012	4.78721e+013
16.78	-6.2199e+012	6.50206e+013
16.79	-5.56969e+012	8.09436e+013
16.8	-4.76026e+012	9.5202e+013
16.81	-3.80824e+012	1.07388e+014
16.82	-2.73436e+012	1.17137e+014
16.83	-1.56298e+012	1.24137e+014
16.84	-3.2161e+011	1.28139e+014
16.85	9.59775e+011	1.28962e+014
16.86	2.24939e+012	1.26505e+014
16.87	3.51444e+012	1.20746e+014
16.88	4.7219e+012	1.11749e+014
16.89	5.8394e+012	9.96613e+013
16.9	6.83601e+012	8.47125e+013
16.91	7.68314e+012	6.72123e+013
16.92	8.35526e+012	4.75434e+013
16.93	8.83069e+012	2.6154e+013
16.94	9.09223e+012	3.54739e+012
16.95	9.12771e+012	-1.97287e+013
16.96	8.93042e+012	-4.30957e+013
16.97	8.49946e+012	-6.59575e+013
16.98	7.83989e+012	-8.77162e+013
16.99	6.96273e+012	-1.07786e+014
17	5.88486e+012	-1.25611e+014
17.01	4.62876e+012	-1.40676e+014
17.02	3.22199e+012	-1.52526e+014
17.03	1.69674e+012	-1.60774e+014
17.04	8.8997e+010	-1.65118e+014
17.05	-1.56218e+012	-1.65345e+014
17.06	-3.21563e+012	-1.61346e+014
17.07	-4.8291e+012	-1.53114e+014
17.08	-6.36024e+012	-1.40752e+014
17.09	-7.76776e+012	-1.2447e+014
17.1	-9.01245e+012	-1.04584e+014
17.11	-1.00583e+013	-8.15122e+013
17.12	-1.08734e+013	-5.5763e+013
17.13	-1.1431e+013	-2.79271e+013
17.14	-1.17103e+013	1.33643e+012
17.15	-1.1697e+013	3.13148e+013
17.16	-1.13838e+013	6.12591e+013
17.17	-1.07712e+013	9.04016e+013
17.18	-9.8672e+012	1.17976e+014
17.19	-8.68744e+012	1.43236e+014
17.2	-7.25508e+012	1.65476e+014
17.21	-5.60032e+012	1.84049e+014
17.22	-3.75984e+012	1.98386e+014
17.23	-1.77598e+012	2.08011e+014
17.24	3.04129e+011	2.12557e+014
17.25	2.4297e+012	2.11779e+014
17.26	4.54749e+012	2.05559e+014
17.27	6.60308e+012	1.93917e+014
17.28	8.54225e+012	1.77013e+014
17.29	1.03124e+013	1.55145e+014
17.3	1.18638e+013	1.28745e+014
17.31	1.31513e+013	9.8374e+013
17.32	1.4135e+013	6.47067e+013
17.33	1.47821e+013	2.8521e+013
17.34	1.50673e+013	-9.32111e+012
17.35	1.49741e+013	-4.78934e+013
17.36	1.44952e+013	-8.62271e+013
17.37	1.36329e+013	-1.23335e+014
17.38	1.23995e+013	-1.58235e+014
17.39	1.08172e+013	-1.89978e+014
17.4	8.91741e+012	-2.1767e+014
17.41	6.74072e+012	-2.40498e+014
17.42	4.33573e+012	-2.57755e+014
17.43	1.75819e+012	-2.68854e+014
17.44	-9.30351e+011	-2.73355e+014
17.45	-3.6639e+012	-2.70973e+014
17.46	-6.37363e+012	-2.61594e+014
17.47	-8.98957e+012	-2.45277e+014
17.48	-1.14423e+013	-2.22264e+014
17.49	-1.3665e+013	-1.92971e+014
17.5	-1.55947e+013	-1.57989e+014
17.51	-1.71746e+013	-1.18067e+014
17.52	-1.83553e+013	-7.40998e+013
17.53	-1.90963e+013	-2.71103e+013
17.54	-1.93674e+013	2.17761e+013
17.55	-1.91496e+013	7.13565e+013
17.56	-1.8436e+013	1.20379e+014
17.57	-1.72322e+013	1.67576e+014
17.58	-1.55565e+013	2.1169e+014
17.59	-1.34396e+013	2.51515e+014
17.6	-1.09244e+013	2.8592e+014
17.61	-8.06523e+012	3.13887e+014
17.62	-4.92636e+012	3.34534e+014
17.63	-1.58102e+012	3.47145e+014
17.64	1.89043e+012	3.51193e+014
17.65	5.40235e+012	3.46353e+014
17.66	8.86588e+012	3.32523e+014
17.67	1.21911e+013	3.09826e+014
17.68	1.52894e+013	2.78617e+014
17.69	1.80755e+013	2.39476e+014
17.7	2.04703e+013	1.93203e+014
17.71	2.24023e+013	1.40799e+014
17.72	2.38103e+013	8.34489e+013
17.73	2.46448e+013	2.24945e+013
17.74	2.48698e+013	-4.05963e+013
17.75	2.44638e+013	-1.04263e+014
17.76	2.34212e+013	-1.6689e+014
17.77	2.17523e+013	-2.26848e+014
17.78	1.94838e+013	-2.82534e+014
17.79	1.66584e+013	-3.32413e+014
17.8	1.33343e+013	-3.75058e+014
17.81	9.58373e+012	-4.09194e+014
17.82	5.49179e+012	-4.33729e+014
17.83	1.15451e+012	-4.47787e+014
17.84	-3.32337e+012	-4.50743e+014
17.85	-7.8308e+012	-4.42235e+014
17.86	-1.22532e+013	-4.22188e+014
17.87	-1.6475e+013	-3.9082e+014
17.88	-2.03832e+013	-3.48644e+014
17.89	-2.38697e+013	-2.96463e+014
17.9	-2.68343e+013	-2.35357e+014
17.91	-2.91879e+013	-1.66661e+014
17.92	-3.08545e+013	-9.19399e+013
17.93	-3.17739e+013	-1.29524e+013
17.94	-3.19034e+013	6.83887e+013
17.95	-3.12195e+013	1.50061e+014
17.96	-2.97189e+013	2.29983e+014
17.97	-2.74191e+013	3.06064e+014
17.98	-2.43584e+013	3.76257e+014
17.99	-2.05959e+013	4.38614e+014
18	-1.62097e+013	4.9134e+014
18.01	-1.12963e+013	5.32837e+014
18.02	-5.96796e+012	5.61755e+014
18.03	-3.50413e+011	5.77033e+014
18.04	5.41992e+012	5.7793e+014
18.05	1.11992e+013	5.64055e+014
18.06	1.68398e+013	5.35385e+014
18.07	2.21936e+013	4.92275e+014
18.08	2.71164e+013	4.3546e+014
18.09	3.1471e+013	3.66042e+014
18.1	3.51314e+013	2.85476e+014
18.11	3.79862e+013	1.9554e+014
18.12	3.99416e+013	9.82952e+013
18.13	4.09245e+013	-3.95521e+012
18.14	4.0885e+013	-1.08722e+014
18.15	3.97977e+013	-2.13387e+014
18.16	3.76639e+013	-3.1527e+014
18.17	3.45112e+013	-4.11689e+014
18.18	3.03943e+013	-5.00038e+014
18.19	2.53939e+013	-5.77847e+014
18.2	1.96154e+013	-6.42855e+014
18.21	1.31869e+013	-6.93071e+014
18.22	6.25616e+012	-7.26829e+014
18.23	-1.01213e+012	-7.42845e+014
18.24	-8.44058e+012	-7.40254e+014
18.25	-1.58431e+013	-7.18646e+014
18.26	-2.30296e+013	-6.78088e+014
18.27	-2.98105e+013	-6.19132e+014
18.28	-3.60018e+013	-5.42817e+014
18.29	-4.143e+013	-4.50653e+014
18.3	-4.59365e+013	-3.44592e+014
18.31	-4.93824e+013	-2.26995e+014
18.32	-5.16523e+013	-1.00576e+014
18.33	-5.26581e+013	3.16543e+013
18.34	-5.23416e+013	1.66459e+014
18.35	-5.0677e+013	3.00453e+014
18.36	-4.76724e+013	4.30186e+014
18.37	-4.33706e+013	5.52228e+014
18.38	-3.78483e+013	6.63257e+014
18.39	-3.12157e+013	7.60148e+014
18.4	-2.36142e+013	8.4006e+014
18.41	-1.52136e+013	9.00513e+014
18.42	-6.20851e+012	9.3946e+014
18.43	3.18609e+012	9.55354e+014
18.44	1.27396e+013	9.47197e+014
18.45	2.22116e+013	9.14584e+014
18.46	3.13574e+013	8.57722e+014
18.47	3.99347e+013	7.77447e+014
18.48	4.77091e+013	6.75214e+014
18.49	5.44613e+013	5.53079e+014
18.5	5.99921e+013	4.13658e+014
18.51	6.41286e+013	2.60078e+014
18.52	6.67294e+013	9.59091e+013
18.53	6.76885e+013	-7.49182e+013
18.54	6.69393e+013	-2.48201e+014
18.55	6.44573e+013	-4.19566e+014
18.56	6.02617e+013	-5.84576e+014
18.57	5.44159e+013	-7.38846e+014
18.58	4.70274e+013	-8.78151e+014
18.59	3.82459e+013	-9.98541e+014
18.6	2.82605e+013	-1.09645e+015
18.61	1.7296e+013	-1.1688e+015
18.62	5.60804e+012	-1.21308e+015
18.63	-6.52271e+012	-1.22743e+015
18.64	-1.8797e+013	-1.21073e+015
18.65	-3.09044e+013	-1.16261e+015
18.66	-4.25305e+013	-1.0835e+015
18.67	-5.33655e+013	-9.7462e+014
18.68	-6.31117e+013	-8.38005e+014
18.69	-7.14917e+013	-6.76439e+014
18.7	-7.82561e+013	-4.9342e+014
18.71	-8.31903e+013	-2.93084e+014
18.72	-8.61212e+013	-8.01169e+013
18.73	-8.69223e+013	1.40353e+014
18.74	-8.55188e+013	3.62874e+014
18.75	-8.18901e+013	5.81803e+014
18.76	-7.6072e+013	7.91441e+014
18.77	-6.81576e+013	9.86186e+014
18.78	-5.82958e+013	1.16067e+015
18.79	-4.66891e+013	1.30991e+015
18.8	-3.359e+013	1.42943e+015
18.81	-1.92957e+013	1.51542e+015
18.82	-4.1415e+012	1.56482e+015
18.83	1.15067e+013	1.57542e+015
18.84	2.72609e+013	1.54596e+015
18.85	4.27205e+013	1.47617e+015
18.86	5.74823e+013	1.36681e+015
18.87	7.11504e+013	1.21966e+015
18.88	8.33469e+013	1.03751e+015
18.89	9.3722e+013	8.24143e+014
18.9	1.01963e+014	5.84214e+014
18.91	1.07806e+014	3.23188e+014
18.92	1.11037e+014	4.72057e+013
18.93	1.1151e+014	-2.3705e+014
18.94	1.09139e+014	-5.22515e+014
18.95	1.03914e+014	-8.01911e+014
18.96	9.58948e+013	-1.06793e+015
18.97	8.52155e+013	-1.31342e+015
18.98	7.20813e+013	-1.53157e+015
18.99	5.67655e+013	-1.7161e+015
19	3.96045e+013	-1.86142e+015
19.01	2.09903e+013	-1.96281e+015
19.02	1.36226e+012	-2.01654e+015
19.03	-1.88032e+013	-2.02003e+015
19.04	-3.90035e+013	-1.97189e+015
19.05	-5.87224e+013	-1.87205e+015
19.06	-7.74429e+013	-1.72172e+015
19.07	-9.466e+013	-1.52346e+015
19.08	-1.09895e+014	-1.28113e+015
19.09	-1.22706e+014	-9.99802e+014
19.1	-1.32704e+014	-6.85675e+014
19.11	-1.39561e+014	-3.45953e+014
19.12	-1.4302e+014	1.13228e+013
19.13	-1.42907e+014	3.77455e+014
19.14	-1.39133e+014	7.43297e+014
19.15	-1.317e+014	1.09948e+015
19.16	-1.20705e+014	1.43663e+015
19.17	-1.06339e+014	1.74563e+015
19.18	-8.88822e+013	2.01786e+015
19.19	-6.87036e+013	2.2454e+015
19.2	-4.62497e+013	2.42128e+015
19.21	-2.20369e+013	2.53968e+015
19.22	3.35987e+012	2.59609e+015
19.23	2.93208e+013	2.58749e+015
19.24	5.51957e+013	2.51243e+015
19.25	8.032e+013	2.37113e+015
19.26	1.04031e+014	2.16551e+015
19.27	1.25686e+014	1.89919e+015
19.28	1.44678e+014	1.57743e+015
19.29	1.60453e+014	1.20706e+015
19.3	1.72523e+014	7.96297e+014
19.31	1.80486e+014	3.54638e+014
19.32	1.84032e+014	-1.07407e+014
19.33	1.82958e+014	-5.7853e+014
19.34	1.77173e+014	-1.0469e+015
19.35	1.66704e+014	-1.50047e+015
19.36	1.51699e+014	-1.92723e+015
19.37	1.32427e+014	-2.31558e+015
19.38	1.09271e+014	-2.65459e+015
19.39	8.27254e+013	-2.93433e+015
19.4	5.33821e+013	-3.1461e+015
19.41	2.19211e+013	-3.28276e+015
19.42	-1.09065e+013	-3.33888e+015
19.43	-4.42953e+013	-3.31096e+015
19.44	-7.74049e+013	-3.19756e+015
19.45	-1.09381e+014	-2.99941e+015
19.46	-1.39375e+014	-2.71939e+015
19.47	-1.66569e+014	-2.36259e+015
19.48	-1.90194e+014	-1.93618e+015
19.49	-2.09556e+014	-1.44928e+015
19.5	-2.24049e+014	-9.12816e+014
19.51	-2.33177e+014	-3.3925e+014
19.52	-2.3657e+014	2.57683e+014
19.53	-2.33993e+014	8.63302e+014
19.54	-2.2536e+014	1.46232e+015
19.55	-2.10737e+014	2.03924e+015
19.56	-1.90344e+014	2.57873e+015
19.57	-1.64557e+014	3.06601e+015
19.58	-1.33897e+014	3.48728e+015
19.59	-9.9024e+013	3.83005e+015
19.6	-6.07234e+013	4.08355e+015
19.61	-1.98879e+013	4.23901e+015
19.62	2.25022e+013	4.28992e+015
19.63	6.54014e+013	4.23231e+015
19.64	1.07724e+014	4.06489e+015
19.65	1.48373e+014	3.78911e+015
19.66	1.86264e+014	3.40928e+015
19.67	2.20357e+014	2.93244e+015
19.68	2.49682e+014	2.36832e+015
19.69	2.73365e+014	1.72914e+015
19.7	2.90656e+014	1.02933e+015
19.71	3.0095e+014	2.85245e+014
19.72	3.03802e+014	-4.85185e+014
19.73	2.9895e+014	-1.26292e+015
19.74	2.86321e+014	-2.02823e+015
19.75	2.66039e+014	-2.76121e+015
19.76	2.38426e+014	-3.44227e+015
19.77	2.04004e+014	-4.05264e+015
19.78	1.63477e+014	-4.57489e+015
19.79	1.17728e+014	-4.99339e+015
19.8	6.77945e+013	-5.29478e+015
19.81	1.48467e+013	-5.46833e+015
19.82	-3.98366e+013	-5.50634e+015
19.83	-9.49001e+013	-5.40436e+015
19.84	-1.48944e+014	-5.16141e+015
19.85	-2.00558e+014	-4.78012e+015
19.86	-2.48359e+014	-4.26669e+015
19.87	-2.91026e+014	-3.63089e+015
19.88	-3.27335e+014	-2.88587e+015
19.89	-3.56193e+014	-2.04789e+015
19.9	-3.76672e+014	-1.13603e+015
19.91	-3.88033e+014	-1.71752e+014
19.92	-3.8975e+014	8.21612e+014
19.93	-3.81534e+014	1.81937e+015
19.94	-3.6334e+014	2.7961e+015
19.95	-3.35379e+014	3.72625e+015
19.96	-2.98117e+014	4.58482e+015
19.97	-2.52269e+014	5.348e+015
19.98	-1.98789e+014	5.99381e+015
19.99	-1.38851e+014	6.50271e+015
